    R         0      1464.14  68299.42  68299.18   -0.24    2.10E-05  3.99E-19
    R         1      1464.12  68300.59  68300.60    0.01    1.05E-05  1.98E-19
    R         2      1464.12  68300.43  68300.60    0.17    8.30E-06  1.57E-19
    R         3      1464.15  68298.91  68299.18    0.27    7.33E-06  1.39E-19
    R         4      1464.21  68296.05  68295.91   -0.14    6.75E-06  1.28E-19
    R         5      1464.30  68291.83  68291.86    0.03    6.35E-06  1.21E-19
    R         6      1464.42  68286.24  68286.24     0      6.00E-09  1.15E-19
    R         7      1464.57  68279.28  68279.42    0.14    5.79E-06  1.10E-19
    R         8      1464.75  68270.94  68271.29    0.35    5.59E-06  1.06E-19
    R         9      1464.96  68261.21  68261.23    0.02    5.40E-06  1.03E-19
    R         10     1465.20  68250.09  68250.06   -0.03    5.25E-06  9.97E-20
    R         11     1465.47  68237.56  68237.83    0.27    5.11E-06  9.71E-20
    R         12     1465.77  68223.62  68223.74    0.12    4.99E-06  9.50E-20
    R         13     1466.10  68208.26  68208.14   -0.12    4.89E-06  9.31E-20
    R         14     1466.46  68191.48  68191.55    0.07    4.80E-06  9.14E-20
    R         15     1466.85  68173.28  68173.62    0.34    4.73E-06  9.01E-20
    R         16     1467.27  68153.63  68153.79    0.16    4.67E-06  8.91E-20
    R         17     1467.73  68132.55  68132.77    0.22    4.63E-06  8.83E-20
    R         18     1468.21  68110.03  68110.36    0.33    4.61E-06  8.80E-20
    R         19     1468.73  68086.05  68086.34    0.29    4.60E-06  8.79E-20
    R         20     1469.28  68060.63  68060.81    0.18    4.61E-06  8.81E-20
    P         2      1464.39  68287.89  68288.03    0.14    2.10E-06  3.99E-20
    P         3      1464.53  68281.37  68281.41    0.04    2.99E-06  5.67E-20
    P         4      1464.70  68273.51  68273.54    0.03    3.46E-06  6.56E-20
    P         5      1464.89  68264.31  68264.38    0.07    3.73E-06  7.08E-20
    P         6      1465.12  68253.76  68253.72   -0.04    3.89E-06  7.39E-20
    P         7      1465.38  68241.86  68241.90    0.04    3.99E-06  7.58E-20
    P         8      1465.66  68228.58  68228.65    0.07    4.04E-06  7.67E-20
    P         9      1465.98  68213.94  68214.01    0.07    4.06E-06  7.72E-20
    P         10     1466.32  68197.93  68198.12    0.2     4.06E-06  7.73E-20
    P         11     1466.70  68180.52  68180.59    0.07    4.05E-06  7.71E-20
    P         12     1467.10  68161.72  68161.82    0.1     4.03E-06  7.68E-20
    P         13     1467.53  68141.53  68141.72    0.19    4.01E-06  7.64E-20
    P         14     1468.00  68119.92  68120.01    0.09    3.99E-06  7.60E-20
    P         15     1468.50  68096.91  68097.04    0.14    3.97E-06  7.57E-20
    P         16     1469.02  68072.47  68072.56    0.09    3.94E-06  7.53E-20
    P         17     1469.58  68046.61  68046.7     0.09    3.93E-06  7.51E-20
    P         18     1470.17  68019.32  68019.41    0.09    3.92E-06  7.50E-20
    P         19     1470.79  67990.59  67990.72    0.13    3.92E-06  7.51E-20
    P         20     1471.44  67960.43  67960.64    0.21    3.94E-06  7.54E-20
    Q         1      1464.22  68295.57  68295.67    0.1     1.05E-05  1.99E-19
    Q         2      1464.28  68292.91  68292.9    -0.01    1.05E-05  1.98E-19
    Q         3      1464.37  68288.89  68288.92    0.03    1.04E-05  1.97E-19
    Q         4      1464.48  68283.53  68283.58    0.05    1.03E-05  1.95E-19
    Q         5      1464.63  68276.83  68276.87    0.04    1.01E-05  1.92E-19
    Q         6      1464.80  68268.76  68268.87    0.11    9.97E-06  1.89E-19
    Q         7      1465.00  68259.33  68259.3    -0.03    9.81E-06  1.86E-19
    Q         8      1465.23  68248.53  68248.78    0.25    9.65E-06  1.83E-19
    Q         9      1465.50  68236.35  68236.37    0.02    9.49E-06  1.80E-19
    Q         10     1465.79  68222.78  68222.91    0.13    9.32E-06  1.77E-19
    Q         11     1466.11  68207.82  68208.14    0.32    9.18E-06  1.75E-19
    Q         12     1466.46  68191.46  68191.55    0.09    9.03E-06  1.72E-19
    Q         13     1466.84  68173.69  68173.62   -0.07    8.91E-06  1.70E-19
    Q         14     1467.26  68154.5   68154.68    0.18    8.80E-06  1.68E-19
    Q         15     1467.70  68133.89  68134.10    0.21    8.69E-06  1.66E-19
    Q         16     1468.17  68111.85  68111.96    0.11    8.62E-06  1.64E-19
    Q         17     1468.68  68088.39  68088.57    0.18    8.55E-06  1.63E-19
    Q         18     1469.22  68063.48  68063.71    0.23    8.52E-06  1.63E-19
    Q         19     1469.79  68037.14  68037.33    0.19    8.51E-06  1.63E-19
    Q         20     1470.39  68009.35  68009.48    0.13    8.53E-06  1.63E-19
    R         1      1464.96  68261.17  68261.22    0.05    8.08E-08  1.53E-21
    R         2      1464.97  68260.59     --        --     1.57E-07  2.98E-21
    R         3      1465.02  68258.53  68258.54    0.01    2.47E-07  4.69E-21
    R         4      1465.09  68254.99  68254.91   -0.08    3.48E-07  6.61E-21
    R         5      1465.20  68249.98  68250.06    0.09    4.60E-07  8.73E-21
    R         6      1465.34  68243.48  68243.28    0.2     5.78E-07  1.10E-20
    R         7      1465.51  68235.5   68235.6     0.17    7.02E-07  1.33E-20
    R         8      1465.72  68226.04  68225.91   -0.13    8.31E-07  1.58E-20
    R         9      1465.95  68215.11  68215.11     0      9.63E-07  1.83E-20
    R         10     1466.22  68202.69  68202.65   -0.04    1.09E-06  2.08E-20
    R         11     1466.52  68188.78  68188.63   -0.15    1.23E-06  2.34E-20
    R         12     1466.85  68173.4   68173.62    0.22    1.36E-06  2.59E-20
    R         13     1467.21  68156.54  68156.44    -0.1    1.49E-06  2.85E-20
    R         14     1467.61  68138.19  68138.21    0.02    1.63E-06  3.12E-20
    R         15     1468.03  68118.36  68138.34   -0.02    1.77E-06  3.38E-20
    R         16     1468.49  68097.04  68097.04     0      1.92E-06  3.66E-20
    R         17     1468.98  68074.25  68074.05    -0.2    2.07E-06  3.95E-20
    R         18     1469.51  68049.96  68049.91   -0.05    2.23E-06  4.25E-20
    R         19     1470.07  68024.2   68024.2      0      2.40E-06  4.58E-20
    R         20     1470.65  67996.95  67996.91   -0.04    2.58E-06  4.94E-20
    P         3      1465.37  68241.95  68241.90   -0.05    2.31E-08  4.39E-22
    P         4      1465.55  68233.68  68233.58    -0.1    6.54E-08  1.24E-21
    P         5      1465.76  68223.93  68223.74   -0.19    1.25E-07  2.39E-21
    P         6      1466.00  68212.71  68212.56   -0.15    2.01E-07  3.82E-21
    P         7      1466.28   68200    68199.99   -0.01    2.89E-07  5.49E-21
    P         8      1466.58  68185.82  68185.79   -0.03    3.86E-07  7.34E-21
    P         9      1466.92  68170.17  68169.98   -0.19    4.92E-07  9.36E-21
    P         10     1467.29  68153.03  68153.05    0.02    6.04E-07  1.15E-20
    P         11     1467.69  68134.42  68134.09   -0.33    7.21E-07  1.37E-20
    P         12     1468.12  68114.32  68114.35    0.03    8.39E-07  1.60E-20
    P         13     1468.59  68092.75  68092.65    -0.1    9.63E-07  1.84E-20
    P         14     1469.08  68069.71  68069.67   -0.04    1.09E-06  2.08E-20
    P         15     1469.61  68045.18  68045.15   -0.03    1.21E-06  2.31E-20
    P         16     1470.17  68019.17  68019.41    0.24    1.34E-06  2.57E-20
    P         17     1470.77  67991.69  67991.48   -0.21    1.47E-06  2.82E-20
    P         18     1471.40  67962.73  67962.38   -0.35    1.61E-06  3.08E-20
    P         19     1472.05  67932.29  67932.16   -0.13    1.75E-06  3.36E-20
    P         20     1472.75  67900.37  67900.16   -0.21    1.90E-06  3.65E-20
    Q         2      1465.13  68253.49  68253.72    0.23    8.07E-08  1.53E-21
    Q         3      1465.22  68249.06  68248.78   -0.28    1.96E-07  3.73E-21
    Q         4      1465.35  68243.15  68243.28    0.13    3.45E-07  6.56E-21
    Q         5      1465.51  68235.77  68235.67    -0.1    5.22E-07  9.92E-21
    Q         6      1465.70  68226.91  68226.82   -0.08    7.22E-07  1.37E-20
    Q         7      1465.92  68216.57  68216.38   -0.18    9.38E-07  1.78E-20
    Q         8      1466.17  68204.75  68204.7    -0.05    1.17E-06  2.22E-20
    Q         9      1466.46  68191.46  68191.54    0.08    1.41E-06  2.69E-20
    Q         10     1466.78  68176.68  68176.7     0.02    1.66E-06  3.16E-20
    Q         11     1467.13  68160.42  68160.39   -0.03    1.91E-06  3.64E-20
    Q         12     1467.51  68142.69  68142.68   -0.01    2.17E-06  4.13E-20
    Q         13     1467.92  68123.47  68123.47     0      2.43E-06  4.63E-20
    Q         14     1468.37  68102.77  68102.8     0.03    2.69E-06  5.12E-20
    Q         15     1468.85  68080.59  68080.6     0.01    2.96E-06  5.65E-20
    Q         16     1469.36  68056.94  68056.94     0      3.23E-06  6.17E-20
    Q         17     1469.90  68031.8   68031.7     -0.1    3.51E-06  6.71E-20
    Q         18     1470.48  68005.18  68005.34    0.16    3.81E-06  7.28E-20
    Q         19     1471.08  67977.08  67977.11    0.03    4.11E-06  7.87E-20
    Q         20     1471.73  67947.49  67947.21   -0.28    4.44E-06  8.51E-20
    R         2      1465.81  68221.89     --        --     4.74E-10  9.01E-24
    R         3      1465.86  68219.25     --        --     1.68E-09  3.19E-23
    R         4      1465.95  68214.99     --        --     4.07E-09  7.74E-23
    R         5      1466.08  68209.13     --        --     7.89E-09  1.50E-22
    R         6      1466.24  68201.67     --        --     1.35E-08  2.57E-22
    R         7      1466.43  68192.63     --        --     2.10E-08  3.99E-22
    R         8      1466.66   68182       --        --     3.06E-08  5.82E-22
    R         9      1466.93  68169.8      --        --     4.26E-08  8.11E-22
    R         10     1467.22  68156.03     --        --     5.73E-08  1.09E-21
    R         11     1467.55  68140.71     --        --     7.44E-08  1.42E-21
    R         12     1467.92  68123.83     --        --     9.44E-08  1.80E-21
    R         13     1468.31  68105.41     --        --     1.18E-07  2.24E-21
    R         14     1468.74  68085.44     --        --     1.42E-07  2.71E-21
    R         15     1469.21  68063.95     --        --     1.71E-07  3.26E-21
    R         16     1469.70  68040.92     --        --     2.04E-07  3.89E-21
    R         17     1470.24  68016.36     --        --     2.40E-07  4.60E-21
    R         18     1470.80  67990.29     --        --     2.80E-07  5.37E-21
    R         19     1471.40  67962.69     --        --     3.26E-07  6.24E-21
    R         20     1472.03  67933.59     --        --     3.79E-07  7.27E-21
    P         4      1466.38  68194.98     --        --     1.97E-10  3.76E-24
    P         5      1466.61  68184.65     --        --     8.53E-10  1.62E-23
    P         6      1466.86  68172.7      --        --     2.35E-09  4.47E-23
    P         7      1467.15  68159.16     --        --     4.95E-09  9.43E-23
    P         8      1467.48  68144.02     --        --     9.02E-09  1.72E-22
    P         9      1467.84  68127.29     --        --     1.47E-08  2.80E-22
    P         10     1468.24  68108.99     --        --     2.22E-08  4.24E-22
    P         11     1468.66  68089.11     --        --     3.19E-08  6.09E-22
    P         12     1469.13  68067.67     --        --     4.40E-08  8.40E-22
    P         13     1469.62  68044.68     --        --     5.84E-08  1.12E-21
    P         14     1470.15  68020.13     --        --     7.54E-08  1.44E-21
    P         15     1470.72  67994.05     --        --     9.53E-08  1.82E-21
    P         16     1471.32  67966.43     --        --     1.17E-07  2.23E-21
    P         17     1471.95  67937.28     --        --     1.42E-07  2.72E-21
    P         18     1472.61  67906.6      --        --     1.71E-07  3.28E-21
    P         19     1473.31  67874.41     --        --     2.03E-07  3.91E-21
    P         20     1474.04  67840.69     --        --     2.39E-07  4.60E-21
    Q         3      1466.05  68210.36     --        --     5.92E-10  1.12E-23
    Q         4      1466.58  68203.87     --        --     2.35E-09  4.47E-23
    Q         5      1466.82  68195.77     --        --     6.10E-09  1.16E-22
    Q         6      1467.10  68186.07     --        --     1.24E-09  1.99E-22
    Q         7      1467.41  68174.77     --        --     1.89E-08  3.60E-22
    Q         8      1467.75  68161.88     --        --     3.04E-08  5.80E-22
    Q         9      1468.13  68147.41     --        --     4.56E-08  8.70E-22
    Q         10     1468.55  68131.37     --        --     6.55E-08  1.25E-21
    Q         11     1468.99  68113.77     --        --     8.95E-08  1.71E-21
    Q         12     1469.47  68094.61     --        --     1.18E-07  2.25E-21
    Q         13     1469.99  68073.9      --        --     1.51E-07  2.89E-21
    Q         14     1470.53  68051.64     --        --     1.89E-07  3.62E-21
    Q         15     1471.12  68027.85     --        --     2.32E-07  4.45E-21
    Q         16     1471.73  68002.52     --        --     2.82E-07  5.40E-21
    Q         17     1472.38  67975.67     --        --     3.38E-07  6.48E-21
    Q         18     1473.06  67947.3      --        --     3.98E-07  7.65E-21
    Q         19     1473.77  67917.4      --        --     4.71E-07  9.06E-21
    Q         20     1474.52  67885.99     --        --     5.49E-07  1.06E-20