    R         0      1471.241  67969.55     --        --     1.15E-05  2.20E-19
    R         1      1471.274  67968.31  67968.1    -0.21    5.64E-06  1.08E-19
    R         2      1471.336  67965.14  67965.14     0      3.61E-06  6.92E-20
    R         3      1471.43   67960.85  67960.85   -0.05    4.20E-06  8.05E-20
    R         4      1471.554  67955.28  67955.28    0.13    4.09E-06  7.84E-20
    R         5      1471.71   67947.98  67947.98    0.01    4.10E-06  7.86E-20
    R         6      1471.897  67939.37  67939.37    0.01    4.20E-06  8.05E-20
    R         7      1472.114  67929.31  67929.26   -0.05    4.37E-06  8.38E-20
    R         8      1472.363  67917.83  67917.8    -0.03    4.62E-06  8.87E-20
    R         9      1472.643  67904.92  67904.84   -0.08    3.11E-06  5.96E-20
    R         10     1472.954  67890.57  67890.45   -0.12    5.39E-06  1.03E-19
    R         11     1473.297  67874.78  67874.67   -0.11    5.92E-06  1.14E-19
    R         12     1473.671  67857.56  67857.5    -0.06    6.62E-06  1.27E-19
    R         13     1474.076  67838.91  67838.74   -0.17    7.52E-06  1.45E-19
    R         14     1474.513  67818.82  67818.72    -0.1    8.71E-06  1.67E-19
    R         15     1474.981  67797.29  67797.19    -0.1    1.03E-05  1.98E-19
    R         16     1475.48   67774.34  67774.13   -0.21    1.25E-05  2.40E-19
    R         17     1476.012  67749.95  67749.76   -0.19    1.56E-05  3.01E-19
    R         18     1476.574  67724.13  67723.99   -0.14    2.04E-05  3.93E-19
    R         19     1477.169  67696.88  67696.69   -0.19    2.80E-05  5.41E-19
    R         20     1477.794  67668.21     --        --     4.15E-05  8.01E-19
    P         2      1471.491  67958.29  67958.17   -0.12    1.15E-06  2.20E-20
    P         3      1471.69   67948.88  67948.88     0      1.61E-06  3.09E-20
    P         4      1471.919  67938.31  67938.31     0      1.50E-06  2.89E-20
    P         5      1472.18   67926.49  67926.29    -0.2    2.14E-06  4.10E-20
    P         6      1472.471  67912.89  67912.89     0      2.36E-06  4.52E-20
    P         7      1472.793   67898    67897.96   -0.04    2.57E-06  4.94E-20
    P         8      1473.147  67881.7   67881.71    0.01    2.80E-06  5.39E-20
    P         9      1473.532  67863.98  67863.92   -0.06    3.06E-06  5.88E-20
    P         10     1473.948  67844.82  67844.81   -0.01    3.36E-06  6.46E-20
    P         11     1474.395  67824.23  67824.21   -0.02    2.33E-06  4.48E-20
    P         12     1474.874  67802.2   67802.18   -0.02    4.14E-06  7.96E-20
    P         13     1475.384  67778.75  67778.51   -0.24    4.64E-06  8.94E-20
    P         14     1475.926  67753.87  67754.07    0.21    5.28E-06  1.02E-19
    P         15      1476.5   67727.55  67727.46   -0.09    6.09E-06  1.18E-19
    P         16     1477.105  67699.8   67699.7     -0.1    7.15E-06  1.38E-19
    P         17     1477.742  67670.63     --        --     8.55E-06  1.65E-19
    P         18     1478.41   67640.02     --        --     1.05E-05  2.03E-19
    P         19     1479.111  67607.99     --        --     1.32E-05  2.56E-19
    P         20     1479.843  67574.53     --        --     1.74E-05  3.37E-19
    R         0      1471.092  67976.5   67976.53    0.03    8.39E-06  1.61E-19
    R         1      1471.018  67979.95  67979.91   -0.04    4.43E-06  8.48E-20
    R         2      1470.975  67981.93  67982.48    0.55    3.62E-06  6.92E-20
    R         3      1470.963  67982.46  67982.48    0.02    3.28E-06  6.28E-20
    R         4      1470.983  67981.55  67981.81    0.26    3.11E-06  5.96E-20
    R         5      1471.034  67979.2   67979.32    0.13    3.03E-06  5.80E-20
    R         6      1471.116  67975.4   67975.4      0      3.00E-06  5.74E-20
    R         7      1471.229  67970.17  67969.98   -0.19    3.00E-06  5.75E-20
    R         8      1471.374  67963.5   67963.51    0.01    3.04E-06  5.82E-20
    R         9      1471.549  67955.39  67955.28   -0.11    3.11E-06  5.96E-20
    R         10     1471.756  67945.84  67945.85    0.01    3.21E-06  6.15E-20
    R         11     1471.994  67934.85  67934.93    0.08    3.33E-06  6.39E-20
    R         12     1472.264  67922.42  67922.46    0.04    3.50E-06  6.70E-20
    R         13     1472.564  67908.55  67908.55     0      3.70E-06  7.10E-20
    R         14     1472.896  67893.24  67893.24     0      3.94E-06  7.57E-20
    R         15     1473.26   67876.49  67876.53    0.05    4.25E-06  8.16E-20
    R         16     1473.655  67858.29  67858.34    0.05    4.62E-06  8.88E-20
    R         17     1474.082  67838.65  67838.74    0.09    5.08E-06  9.77E-20
    R         18     1474.54   67817.57  67817.57     0      5.66E-06  1.09E-19
    R         19     1475.03   67795.04  67795.09    0.05    6.39E-06  1.23E-19
    R         20     1475.551  67771.07  67770.94   -0.13    7.33E-06  1.41E-19
    P         2      1471.342  67964.96     --        --     8.39E-07  1.61E-20
    P         3      1471.434  67960.73     --        --     1.26E-06  2.42E-20
    P         4      1471.557  67955.02     --        --     1.51E-06  2.89E-20
    P         5      1471.712  67947.86     --        --     1.67E-06  3.20E-20
    P         6      1471.899  67939.26     --        --     1.79E-06  3.44E-20
    P         7      1472.116  67929.22     --        --     1.90E-06  3.65E-20
    P         8      1472.365  67917.75     --        --     2.00E-06  3.84E-20
    P         9      1472.645  67904.83     --        --     2.10E-06  4.04E-20
    P         10     1472.956  67890.49     --        --     2.21E-06  4.24E-20
    P         11     1473.299  67874.7      --        --     2.33E-06  4.48E-20
    P         12     1473.673  67857.48     --        --     2.46E-06  4.73E-20
    P         13     1474.078  67838.82     --        --     2.61E-06  5.03E-20
    P         14     1474.515  67818.73     --        --     2.79E-06  5.37E-20
    P         15     1474.983  67797.19     --        --     3.00E-06  5.77E-20
    P         16     1475.483  67774.22     --        --     3.24E-06  6.24E-20
    P         17     1476.014  67749.82     --        --     3.53E-06  6.80E-20
    P         18     1476.578  67723.98     --        --     3.88E-06  7.48E-20
    P         19     1477.173  67696.69     --        --     4.30E-06  8.30E-20
    P         20      1477.8   67667.98     --        --     4.83E-06  9.34E-20
    Q         1      1471.26   67968.97  67968.84   -0.13    9.94E-06  1.90E-19
    Q         2      1471.322  67966.1   67966.02   -0.08    1.01E-05  1.93E-19
    Q         3      1471.415  67961.79  67961.8     0.01    1.02E-05  1.95E-19
    Q         4      1471.539  67956.05  67955.88   -0.17    1.02E-05  1.95E-19
    Q         5      1471.695  67948.88  67948.88     0      1.07E-05  2.05E-19
    Q         6      1471.881  67940.27  67940.15   -0.12    1.11E-05  2.12E-19
    Q         7      1472.099  67930.03  67930.1     0.07    1.15E-05  2.21E-19
    Q         8      1472.347  67918.55  67918.54   -0.01    1.20E-05  2.31E-19
    Q         9      1472.627  67905.64  67905.66    0.02    1.27E-05  2.44E-19
    Q         10     1472.939  67891.29  67891.38    0.09    1.35E-05  2.58E-19
    Q         11     1473.281  67875.51  67875.55    0.04    1.44E-05  2.76E-19
    Q         12     1473.655  67858.29  67858.34    0.05    1.55E-05  2.98E-19
    Q         13     1474.06   67839.64  67839.66    0.03    1.69E-05  3.25E-19
    Q         14     1474.497  67819.55  67819.55     0      1.85E-05  3.57E-19
    Q         15     1474.965  67798.02  67797.99   -0.03    2.06E-05  3.97E-19
    Q         16     1475.465  67775.06  67775.05   -0.01    2.32E-05  4.47E-19
    Q         17     1475.996  67750.67  67750.67     0      2.65E-05  5.11E-19
    Q         18     1476.559  67724.84  67724.84     0      3.08E-05  5.94E-19
    Q         19     1477.153  67697.58  67697.51   -0.07    3.64E-05  7.04E-19