    R         2      1503.24   66523.06  66522.71   -0.35    2.23E-07  4.46E-21
    R         3      1503.29   66520.82  66520.63   -0.19    2.13E-07  4.26E-21
    R         4      1503.37   66517.06  66516.87   -0.19    2.15E-07  4.30E-21
    R         5      1503.49   66511.79  66511.66   -0.13    2.26E-07  4.52E-21
    R         6      1503.65   66504.99  66504.93   -0.06    2.44E-07  4.88E-21
    R         7      1503.84   66496.67  66496.6    -0.07    2.68E-07  5.36E-21
    R         8      1504.06   66486.83  66486.81   -0.02    3.03E-07  6.07E-21
    R         9      1504.32   66475.46  66475.48   -0.02    3.47E-07  6.95E-21
    R         10     1504.61   66462.58  66462.57   -0.01    3.99E-07  7.99E-21
    R         11     1504.93   66448.17  66448.18    0.01    4.72E-07  9.46E-21
    R         12     1505.29   66432.24  66432.26    0.02    5.66E-07  1.13E-20
    R         13     1505.69   66414.79  66414.84    0.05    6.87E-07  1.38E-20
    R         14     1506.12   66395.82  66395.92    0.1     8.50E-07  1.71E-20
    R         15     1506.58   66375.33  66375.32   -0.01    1.07E-06  2.15E-20
    R         16     1507.08   66353.31  66353.19   -0.12    1.38E-06  2.77E-20
    R         17     1507.62   66329.77  66329.76   -0.01    1.84E-06  3.70E-20
    R         19     1508.79   66278.12  66278.15    0.03    3.61E-06  7.27E-20
    R         20     1509.43   66250.02     --        --     5.49E-06  1.11E-19
    P         2       1503.5   66511.43     --        --     5.11E-08  1.02E-21
    P         3      1503.66   66504.55     --        --     7.56E-08  1.51E-21
    P         4      1503.85   66496.14     --        --     9.29E-08  1.86E-21
    P         5      1504.07   66486.22  66485.9    -0.32    1.08E-07  2.16E-21
    P         6      1504.33   66474.78  66474.41   -0.37    1.24E-07  2.48E-21
    P         7      1504.62   66461.81     --        --     1.42E-07  2.84E-21
    P         8      1504.95   66447.33  66447.1    -0.23    1.63E-07  3.27E-21
    P         9      1505.31   66431.33  66431.06   -0.27    1.88E-07  3.77E-21
    P         10     1505.71   66413.81     --        --     2.20E-07  4.41E-21
    P         11     1506.14   66394.77  66394.76   -0.01    2.60E-07  5.22E-21
    P         12     1506.61   66374.21  66374.14   -0.07    3.07E-07  6.17E-21
    P         13     1507.11   66352.14  66352.11   -0.03    3.70E-07  7.44E-21
    P         14     1507.65   66328.55  66328.67    0.12    4.52E-07  9.09E-21
    P         15     1508.22   66303.43  66303.59    0.16    5.56E-07  1.12E-20
    P         16     1508.82   66276.8   66277.08    0.28    6.97E-07  1.40E-20
    P         17     1509.47   66248.66     --        --     8.92E-07  1.80E-20
    P         18     1510.14   66218.99     --        --     1.16E-06  2.34E-20
    P         19     1510.85   66187.81     --        --     1.56E-06  3.15E-20
    P         20     1511.6    66155.11     --        --     2.15E-06  4.35E-20
    Q         1      1503.37   66517.42     --        --     2.10E-07  4.18E-21
    Q         2      1503.48   66512.25     --        --     1.98E-07  3.96E-21
    Q         3      1503.64   66505.46     --        --     2.01E-07  4.02E-21
    Q         4      1503.83   66497.11     --        --     2.12E-07  4.24E-21
    Q         5      1504.05   66487.22 66486.81    -0.41    2.34E-07  4.68E-21
    Q         6      1504.31   66475.8  66475.46    -0.34    2.60E-07  5.21E-21
    Q         7      1504.6    66462.86 66462.57    -0.29    2.96E-07  5.93E-21
    Q         8      1504.93   66448.39 66448.18    -0.21    3.42E-07  6.85E-21
    Q         9      1505.29   66432.4  66432.26    -0.14    4.03E-07  8.08E-21
    Q         10     1505.69   66414.89 66414.64    -0.25    4.82E-07  9.67E-21
    Q         11     1506.12   66395.86 66395.92     0.06    5.83E-07  1.17E-20
    Q         12     1506.58   66375.31 66375.32     0.01    7.19E-07  1.44E-20
    Q         13     1507.09   66353.24 66353.19    -0.05    9.01E-07  1.81E-20
    Q         14     1507.62   66329.65 66329.76     0.11    1.15E-06  2.31E-20
    Q         15     1508.19   66304.55 66304.64     0.09    1.51E-06  3.04E-20
    Q         16     1508.8    66277.92 66278.15     0.23    2.04E-06  4.11E-20
    Q         17     1509.44   66249.78     --        --     2.87E-06  5.79E-20
    Q         18     1510.12   66220.12     --        --     4.25E-06  8.58E-20
    Q         19     1510.83   66188.95     --        --     6.75E-06  1.36E-19
    Q         20     1511.57   66156.26     --        --     1.20E-05  2.43E-19                                                     
    Q         1      1503.18   66525.46     --        --     4.80E-08  9.60E-22
    Q         2      1503.21   66524.54     --        --     6.95E-08  1.39E-21
    Q         3      1503.26   66522.21     --        --     8.18E-08  1.64E-21
    Q         4      1503.34   66518.4   66518.12   -0.28    8.97E-08  1.79E-21
    Q         5      1503.46   66513.09  66512.79    -0.3    9.72E-08  1.94E-21
    Q         6      1503.62   66506.27     --        --     1.07E-07  2.14E-21
    Q         7      1503.81   66497.93     --        --     1.18E-07  2.36E-21
    Q         8      1504.03   66488.07  66487.94   -0.13    1.31E-07  2.62E-21
    Q         9      1504.29   66476.69  66476.65   -0.04    1.46E-07  2.92E-21
    Q         10     1504.58   66463.8    66464     0.0-2    1.66E-07  3.33E-21
    Q         11     1504.91   66449.39  66449.51    0.12    1.90E-07  3.81E-21
    Q         12     1505.27   66433.45  66433.73    0.28    2.20E-07  4.41E-21
    Q         13     1505.66   66415.99  66416.28    0.29    2.58E-07  5.18E-21
    Q         14     1506.09   66397.01     --        --     3.06E-07  6.14E-21
    Q         15     1506.56   66376.51  66376.99    0.48    3.67E-07  7.37E-21
    Q         16     1507.06   66354.49     --        --     4.48E-07  9.00E-21
    Q         17     1507.59   66330.94  66331.49    0.54    5.52E-07  1.11E-20
    Q         18     1508.16   66305.87  66305.56   -0.31    6.94E-07  1.40E-20
    Q         19     1508.77   66279.28  66279.05   -0.23    8.85E-07  1.78E-20
    Q         20     1509.41   66251.16     --        --     1.16E-06  2.34E-20