    R         0      1517.972  65877.37     --        --     1.40E-05  2.85E-19
    R         1      1518.013  65875.59     --        --     6.44E-06  1.31E-19
    R         2      1518.077  65872.83     --        --     4.91E-06  1.00E-19
    R         3      1518.171  65868.72     --        --     4.22E-06  8.61E-20
    R         4      1518.297  65863.25     --        --     3.81E-06  7.78E-20
    R         5      1518.455  65856.41     --        --     3.53E-06  7.21E-20
    R         6      1518.644  65848.21     --        --     3.31E-06  6.76E-20
    R         7      1518.865  65838.64     --        --     3.13E-06  6.38E-20
    R         8      1519.117  65827.71     --        --     2.97E-06  6.07E-20
    R         9      1519.401  65815.41     --        --     2.84E-06  5.79E-20
    R         10     1519.717  65801.74     --        --     2.71E-06  5.54E-20
    R         11     1520.064  65786.71     --        --     2.60E-06  5.31E-20
    R         12     1520.443  65770.31     --        --     2.49E-06  5.10E-20
    R         13     1520.854  65752.54     --        --     2.40E-06  4.91E-20
    R         14     1521.296  65733.41     --        --     2.31E-06  4.73E-20
    R         15     1521.771  65712.9      --        --     2.22E-06  4.55E-20
    R         16     1522.278  65691.03     --        --     2.14E-06  4.40E-20
    R         17     1522.817  65667.79     --        --     2.07E-06  4.25E-20
    R         18     1523.387  65643.18     --        --     2.01E-06  4.12E-20
    R         19     1523.991  65617.21     --        --     1.94E-06  4.00E-20
    R         20     1524.626  65589.86     --        --     1.89E-06  3.89E-20
    R         21     1525.294  65561.14     --        --     1.84E-06  3.79E-20
    R         22     1525.994  65531.06     --        --     1.80E-06  3.70E-20
    R         23     1526.727  65499.6      --        --     1.76E-06  3.63E-20
    R         24     1527.492  65466.77     --        --     1.72E-06  3.56E-20
    R         25     1528.291  65432.58     --        --     1.70E-06  3.51E-20
    P         2      1518.246  65865.47     --        --     1.40E-06  2.87E-20
    P         3      1518.456  65856.36 65856.89     0.53    1.84E-06  3.75E-20
    P         4      1518.697  65845.92  65846.18    0.26    2.04E-06  4.17E-20
    P         5      1518.969  65834.12  65834.37    0.25    2.15E-06  4.38E-20
    P         6      1519.273  65820.96  65821.22    0.26    2.20E-06  4.49E-20
    P         7      1519.608  65806.44  65806.76    0.32    2.22E-06  4.53E-20
    P         8      1519.975  65790.55  65790.83    0.28    2.21E-06  4.52E-20
    P         9      1520.374  65773.31  65773.68    0.37    2.19E-06  4.48E-20
    P         10     1520.804  65754.7   65755.07    0.37    2.16E-06  4.43E-20
    P         11     1521.266  65734.72  65735.04    0.32    2.12E-06  4.35E-20
    P         12     1521.76   65713.38 65713.71     0.33    2.08E-06  4.27E-20
    P         13     1522.286  65690.68  65691.26    0.58    2.04E-06  4.18E-20
    P         14     1522.844  65666.61  65666.93    0.32    1.99E-06  4.08E-20
    P         15     1523.434  65641.19  65641.7     0.51    1.94E-06  3.99E-20
    P         16     1524.056  65614.39  65615.67    1.28    1.90E-06  3.90E-20
    P         17     1524.71   65586.24  65586.54    0.3     1.84E-06  3.80E-20
    P         18     1525.397  65556.72  65557.14    0.42    1.80E-06  3.71E-20
    P         19     1526.116  65525.83     --        --     1.75E-06  3.62E-20
    P         20     1526.867  65493.59     --        --     1.71E-06  3.53E-20
    P         21     1527.651  65459.98     --        --     1.67E-06  3.45E-20
    P         22     1528.468  65425.01     --        --     1.64E-06  3.38E-20
    P         23     1529.317  65388.67     --        --     1.60E-06  3.32E-20
    P         24     1530.199  65350.97     --        --     1.57E-06  3.26E-20
    P         25     1531.114  65311.91     --        --     1.55E-06  3.21E-20
    R         0      1517.815  65884.17  65884.42    0.25    9.58E-06  1.95E-19
    R         1      1517.731  65887.81  65888.53    0.72    5.32E-06  1.09E-19
    R         2      1517.68   65890.06  65890.66    0.6     4.43E-06  9.04E-20
    R         3      1517.66   65890.93  65890.66   -0.27    4.04E-06  8.22E-20
    R         4      1517.671  65890.42  65890.66    0.24    3.80E-06  7.75E-20
    R         5      1517.714  65888.55  65888.53   -0.02    3.64E-06  7.43E-20
    R         6      1517.789  65885.3   65885.54    0.24    3.51E-06  7.15E-20
    R         7      1517.896  65880.69  65880.91    0.22    3.40E-06  6.93E-20
    R         8      1518.033  65874.7   65874.99    0.29    3.29E-06  6.72E-20
    R         9      1518.203  65867.35  65867.54    0.19    3.20E-06  6.53E-20
    R         10     1518.404  65858.62  65858.89    0.27    3.11E-06  6.34E-20
    R         11     1518.637  65848.52 65848.71     0.19    3.01E-06  6.15E-20
    R         12     1518.901  65837.05  65837.38    0.33    2.93E-06  5.97E-20
    R         13     1519.198  65824.21  65824.46    0.25    2.84E-06  5.80E-20
    R         14     1519.526   65810    65810.23    0.23    2.75E-06  5.62E-20
    R         15     1519.886  65794.41  65794.65    0.24    2.66E-06  5.44E-20
    R         16     1520.278  65777.45  65777.88    0.43    2.58E-06  5.28E-20
    R         17     1520.702  65759.12  65759.48    0.36    2.51E-06  5.14E-20
    R         18     1521.158  65739.41  65739.84    0.43    2.42E-06  4.95E-20
    R         19     1521.646  65718.32  65718.76    0.44    2.34E-06  4.79E-20
    R         20     1522.166  65695.86  65696.39    0.53    2.26E-06  4.63E-20
    R         21     1522.718  65672.03  65672.78    0.75    2.19E-06  4.49E-20
    R         22     1523.303  65646.81     --        --     2.12E-06  4.36E-20
    R         23     1523.92   65620.22     --        --     2.05E-06  4.22E-20
    R         24     1524.57   65592.25     --        --     1.99E-06  4.09E-20
    R         25     1525.253  65562.9      --        --     1.93E-06  3.98E-20
    P         2      1518.081  65872.63     --        --     9.58E-07  1.95E-20
    P         3      1518.174  65868.59     --        --     1.52E-06  3.10E-20
    P         4       1518.3   65863.15     --        --     1.85E-06  3.76E-20
    P         5      1518.457  65856.33     --        --     2.05E-06  4.19E-20
    P         6      1518.646  65848.14     --        --     2.19E-06  4.47E-20
    P         7      1518.866  65838.58     --        --     2.29E-06  4.67E-20
    P         8      1519.119  65827.65     --        --     2.34E-06  4.79E-20
    P         9      1519.402  65815.35     --        --     2.38E-06  4.86E-20
    P         10     1519.718  65801.69     --        --     2.39E-06  4.89E-20
    P         11     1520.065  65786.66     --        --     2.40E-06  4.90E-20
    P         12     1520.444  65770.26     --        --     2.39E-06  4.88E-20
    P         13     1520.855  65752.49     --        --     2.36E-06  4.84E-20
    P         14     1521.298  65733.36     --        --     2.33E-06  4.78E-20
    P         15     1521.772  65712.86     --        --     2.30E-06  4.71E-20
    P         16     1522.279  65690.99     --        --     2.26E-06  4.63E-20
    P         17     1522.818  65667.75     --        --     2.21E-06  4.53E-20
    P         18     1523.388  65643.14     --        --     2.16E-06  4.44E-20
    P         19     1523.992  65617.16     --        --     2.13E-06  4.37E-20
    P         20     1524.627  65589.81     --        --     2.06E-06  4.24E-20
    P         21     1525.295  65561.1      --        --     2.01E-06  4.14E-20
    P         22     1525.995  65531.01     --        --     1.96E-06  4.03E-20
    P         23     1526.728  65499.56     --        --     1.91E-06  3.93E-20
    P         24     1527.493  65466.73     --        --     1.86E-06  3.83E-20
    P         25     1528.292  65432.53     --        --     1.81E-06  3.74E-20
    Q         1      1518.003  65876.02  65876.11    0.09    1.18E-05  2.41E-19
    Q         2      1518.066  65873.28  65872.7    -0.58    1.18E-05  2.40E-19
    Q         3      1518.161  65869.19  65869.18   -0.01    1.17E-05  2.38E-19
    Q         4      1518.286  65863.72  65863.62    -0.1    1.15E-05  2.35E-19
    Q         5      1518.444  65856.89 65856.89      0      1.14E-05  2.32E-19
    Q         6      1518.633  65848.69 65848.71     0.02    1.12E-05  2.29E-19
    Q         7      1518.854  65839.13  65839.11   -0.02    1.10E-05  2.25E-19
    Q         8      1519.106  65828.2   65828.14   -0.06    1.08E-05  2.21E-19
    Q         9      1519.39   65815.9   65815.98    0.08    1.06E-05  2.16E-19
    Q         10     1519.705  65802.24  65802.23   -0.01    1.03E-05  2.11E-19
    Q         11     1520.049  65787.37  65787.57    0.2     1.01E-05  2.06E-19
    Q         12     1520.431  65770.81  65770.81     0      9.80E-06  2.01E-19
    Q         13     1520.842  65753.04  65753.03   -0.01    9.54E-06  1.95E-19
    Q         14     1521.285  65733.91  65734.31    0.4     9.29E-06  1.90E-19
    Q         15     1521.759  65713.41 65713.71     0.3     9.02E-06  1.85E-19
    Q         16     1522.266  65691.54  65692.01    0.47    8.75E-06  1.79E-19
    Q         17     1522.805  65668.3   65668.99    0.69    8.50E-06  1.75E-19
    Q         18     1523.376  65643.69  65643.58   -0.11    8.26E-06  1.70E-19
    Q         19     1523.979  65617.72  65617.69   -0.03    8.01E-06  1.65E-19
    Q         20     1524.614  65590.37  65590.23   -0.14    7.79E-06  1.60E-19
    Q         21     1525.282  65561.66  65561.7     0.04    7.57E-06  1.56E-19
    Q         22     1525.982  65531.57  65531.77    0.2     7.36E-06  1.52E-19
    Q         23     1526.715  65500.12     --        --     7.17E-06  1.48E-19
    Q         24     1527.48   65467.29     --        --     7.00E-06  1.45E-19
    Q         25     1528.279  65433.1      --        --     6.84E-06  1.41E-19
