    R         0      1526.84   65494.73     --        --     1.68E-06  3.47E-20
    R         1      1526.82   65495.61     --        --     8.38E-07  1.72E-20
    R         2      1526.834  65495.01 65494.83    -0.18    6.65E-07  1.37E-20
    R         3      1526.883  65492.92  65492.87   -0.05    5.89E-07  1.22E-20
    R         4      1526.966  65489.35  65489.21   -0.14    5.43E-07  1.12E-20
    R         5      1527.084  65484.3   65484.00    -0.3    5.11E-07  1.05E-20
    R         6      1527.236  65477.77  65477.66   -0.11    4.87E-07  1.01E-20
    R         7      1527.423  65469.75  65469.72   -0.03    4.64E-07  9.58E-21
    R         8      1527.645  65460.25  65460.27   -0.07    4.46E-07  9.21E-21
    R         9      1527.901  65449.26  65449.19   -0.07    4.29E-07  8.86E-21
    R         10     1528.192  65436.8   65436.65   -0.15    4.12E-07  8.51E-21
    R         11     1528.518  65422.84  65422.82   -0.02    3.96E-07  8.19E-21
    R         12     1528.879  65407.4   65407.30    -0.1    3.81E-07  7.88E-21
    R         13     1529.275  65390.48  65390.54    0.06    3.65E-07  7.55E-21
    R         14     1529.705  65372.08  65372.17    0.34    3.48E-07  7.21E-21
    R         15     1530.171  65352.19  65352.53     0.34   3.32E-07  6.88E-21
    R         16     1530.671  65330.81     --        --     3.16E-07  6.55E-21
    R         17     1531.207  65307.94     --        --     2.99E-07  6.20E-21
    R         18     1531.778  65283.6      --        --     2.83E-07  5.88E-21
    R         19     1532.385  65257.77     --        --     2.67E-07  5.55E-21
    R         20     1533.027  65230.44     --        --     2.51E-07  5.22E-21
    P         2      1527.109  65483.19  65484.00    0.81    1.68E-07  3.47E-21
    P         3      1527.268  65476.39  65477.08    0.69    2.39E-07  4.93E-21
    P         4      1527.462  65468.09  65468.03   -0.06    2.77E-07  5.72E-21
    P         5      1527.69   65458.32  65458.15   -0.17    3.00E-07  6.20E-21
    P         6      1527.952  65447.07  65447.01   -0.06    3.13E-07  6.47E-21
    P         7      1528.25   65434.33  65434.26   -0.07    3.21E-07  6.63E-21
    P         8      1528.582  65420.12  65419.96   -0.16    3.26E-07  6.74E-21
    P         9      1528.949  65404.42  65404.33   -0.09    3.25E-07  6.72E-21
    P         10     1529.35   65387.24  65387.24     0      3.24E-07  6.71E-21
    P         11     1529.787  65368.58  65368.39   -0.19    3.22E-07  6.67E-21
    P         12     1530.259  65348.43  65348.38   -0.06    3.16E-07  6.55E-21
    P         13     1530.765  65326.81  65326.68   -0.13    3.11E-07  6.45E-21
    P         14     1531.307  65303.71  65303.76    0.05    3.04E-07  6.31E-21
    P         15     1531.883  65279.13     --        --     2.96E-07  6.15E-21
    P         16     1532.495  65253.06     --        --     2.86E-07  5.94E-21
    P         17     1533.142  65225.52     --        --     2.76E-07  5.74E-21
    P         18     1533.825  65196.49     --        --     2.65E-07  5.52E-21
    P         19     1534.543  65165.99     --        --     2.54E-07  5.29E-21
    P         20     1535.296   65134       --        --     2.42E-07  5.05E-21
    Q         1      1526.97   65489.15     --        --     6.58E-07  1.36E-20
    Q         2      1527.09   65484.03  65485.53    0.5     5.69E-07  1.17E-20
    Q         3      1527.246  65477.32  65477.66    0.34    5.20E-07  1.07E-20
    Q         4      1527.439  65469.08  65469.04   -0.04    4.90E-07  1.01E-20
    Q         5      1527.666  65459.34  65459.15   -0.19    4.64E-07  9.58E-21
    Q         6      1527.928  65448.11  65448.02   -0.09    4.45E-07  9.19E-21
    Q         7      1528.225  65435.4   65435.30    -0.1    4.27E-07  8.83E-21
    Q         8      1528.557  65421.19  65420.96   -0.23    4.11E-07  8.50E-21
    Q         9      1528.923  65405.51  65405.25   -0.26    3.95E-07  8.17E-21
    Q         10     1529.325  65388.34  65388.18   -0.16    3.80E-07  7.87E-21
    Q         11     1529.761  65369.69  65369.48   -0.21    3.64E-07  7.54E-21
    Q         12     1530.232  65349.55  65349.36   -0.19    3.49E-07  7.23E-21
    Q         13     1530.739  65327.94 65327.73    -0.21    3.34E-07  6.93E-21
    Q         14     1531.28   65304.84  65304.80   -0.04    3.19E-07  6.62E-21
    Q         15     1531.857  65280.26     --        --     3.02E-07  6.27E-21
    Q         16     1532.468  65254.2      --        --     2.86E-07  5.94E-21
    Q         17     1533.115  65226.66     --        --     2.69E-07  5.60E-21
    Q         18     1533.798  65197.64     --        --     2.54E-07  5.29E-21
    Q         19     1534.516  65167.14     --        --     2.37E-07  4.94E-21
    Q         20     1535.269  65135.16     --        --     2.21E-07  4.61E-21
    Q         1      1526.78   65497.33     --        --     1.82E-07  3.75E-21
    Q         2      1526.799  65496.52     --        --     2.69E-07  5.55E-21
    Q         3      1526.849  65494.34  65494.40    0.06    3.11E-07  6.42E-21
    Q         4      1526.934  65490.72  65490.60   -0.12    3.35E-07  6.91E-21
    Q         5      1527.052  65485.63  65485.53    -0.1    3.47E-07  7.16E-21
    Q         6      1527.205  65479.08  65479.18    0.1     3.59E-07  7.41E-21
    Q         7      1527.393  65471.04  65470.94    -0.1    3.63E-07  7.49E-21
    Q         8      1527.615  65461.52  65461.51   -0.01    3.65E-07  7.54E-21
    Q         9      1527.872  65450.53  65450.55    0.02    3.64E-07  7.52E-21
    Q         10     1528.163  65438.05  65437.89   -0.16    3.61E-07  7.46E-21
    Q         11     1528.489  65424.09  65423.98   -0.11    3.57E-07  7.38E-21
    Q         12     1528.85   65408.64     --        --     3.52E-07  7.28E-21
    Q         13     1529.246  65391.72  65391.80    0.08    3.46E-07  7.16E-21
    Q         14     1529.676  65373.31  65373.29   -0.02    3.38E-07  7.00E-21
    Q         15     1530.142  65353.41  65353.57    0.16    3.30E-07  6.84E-21
    Q         16     1530.643  65332.03  65331.93    -0.1    3.22E-07  6.68E-21
    Q         17     1531.179  65309.16     --        --     3.11E-07  6.45E-21
    Q         18     1531.75   65284.81     --        --     3.01E-07  6.25E-21
    Q         19     1532.356  65258.97     --        --     2.90E-07  6.03E-21
    Q         20     1532.998  65231.65     --        --     2.78E-07  5.78E-21