    R         0      1535.075  65143.4   65143.56    0.16    1.32E-05  2.76E-19
    R         1      1535.042  65144.82 65145.07     0.25    6.62E-06  1.38E-19
    R         2      1535.037  65145.01 65145.07     0.06    5.29E-06  1.10E-19
    R         3      1535.061  65143.98 65144.07     0.09    4.71E-06  9.83E-20
    R         4      1535.115  65141.72  65141.89    0.17    4.40E-06  9.17E-20
    R         5      1535.197  65138.21  65138.32    0.11    4.20E-06  8.75E-20
    R         6      1535.309  65133.45 65133.59     0.14    4.07E-06  8.49E-20
    R         7      1535.451  65127.43  65127.49    0.06    3.99E-06  8.33E-20
    R         8      1535.623  65120.14  65120.2     0.06    3.94E-06  8.23E-20
    R         9      1535.825  65111.57  65111.61    0.04    3.92E-06  8.18E-20
    R         10     1536.058  65101.71  65101.7    -0.01    3.93E-06  8.22E-20
    R         11     1536.321  65090.55  65090.65    0.1     3.97E-06  8.30E-20
    R         12     1536.615  65078.09  65078.05   -0.04    4.04E-06  8.45E-20
    R         13     1536.941  65064.32 65064.25    -0.07    4.13E-06  8.64E-20
    R         14     1537.297  65049.22 65049.23     0.01    4.26E-06  8.91E-20
    R         15     1537.686  65032.8   65032.77   -0.03    4.43E-06  9.27E-20
    R         16     1538.105  65015.05  65014.97   -0.08    4.64E-06  9.71E-20
    R         17     1538.557  64995.97 64995.81    -0.16    4.90E-06  1.03E-19
    R         18     1539.041  64975.54  64975.4    -0.14    5.23E-06  1.10E-19
    R         19     1539.556  64953.77 64953.55    -0.22    5.64E-06  1.18E-19
    R         20     1540.105  64930.65 64930.34    -0.32    6.15E-06  1.29E-19
    P         2      1535.347  65131.87  65132.08    0.21    1.32E-06  2.76E-20
    P         3      1535.495  65125.59  65125.73    0.14    1.89E-06  3.95E-20
    P         4      1535.671  65118.1   65118.23    0.13    2.20E-06  4.60E-20
    P         5      1535.877  65109.38  65109.57    0.19    2.40E-06  5.01E-20
    P         6      1536.112  65099.43  65099.59    0.16    2.53E-06  5.29E-20
    P         7      1536.376  65088.24  65088.42    0.18    2.63E-06  5.50E-20
    P         8      1536.67   65075.8   65075.97    0.17    2.72E-06  5.68E-20
    P         9      1536.993  65062.1   65062.24    0.14    2.80E-06  5.85E-20
    P         10     1537.347  65047.13 65047.13      0      2.87E-06  6.00E-20
    P         11     1537.731  65030.88 65031.05     0.17    2.94E-06  6.15E-20
    P         12     1538.146  65013.35  65013.43    0.08    3.02E-06  6.33E-20
    P         13     1538.591  64994.52  64994.64    0.12    3.11E-06  6.52E-20
    P         14     1539.068  64974.4   64974.47    0.07    3.22E-06  6.76E-20
    P         15     1539.576  64952.96  64953.02    0.06    3.35E-06  7.02E-20
    P         16     1540.115  64930.21 64930.34     0.13    3.50E-06  7.34E-20
    P         17     1540.686  64906.14 64906.16     0.02    3.68E-06  7.73E-20
    P         18     1541.29   64880.74  64880.69   -0.05    3.89E-06  8.18E-20
    P         19     1541.925  64854.01  64853.93   -0.08    4.15E-06  8.73E-20
    P         20     1542.592  64825.95  64825.79   -0.16    4.47E-06  9.41E-20
    Q         1      1535.165  65139.56  65139.71    0.15    6.62E-06  1.38E-19
    Q         2      1535.223  65137.13  65137.3     0.17    6.62E-06  1.38E-19
    Q         3      1535.309  65133.48 65133.59     0.11    6.61E-06  1.38E-19
    Q         4      1535.424  65128.6   65128.77    0.17    6.60E-06  1.38E-19
    Q         5      1535.568  65122.5   65122.64    0.14    6.59E-06  1.38E-19
    Q         6      1535.741  65115.15  65115.27    0.12    6.59E-06  1.37E-19
    Q         7      1535.944  65106.55  65106.63    0.08    6.61E-06  1.38E-19
    Q         8      1536.177  65096.68 65096.80     0.12    6.65E-06  1.39E-19
    Q         9      1536.439  65085.55  65085.65    0.1     6.70E-06  1.40E-19
    Q         10     1536.732  65073.14  65073.24    0.1     6.76E-06  1.41E-19
    Q         11     1537.056  65059.45  65059.42   -0.03    6.88E-06  1.44E-19
    Q         12     1537.41   65044.46 65044.53     0.07    7.02E-06  1.47E-19
    Q         13     1537.795  65028.16 65028.19     0.03    7.21E-06  1.51E-19
    Q         14     1538.212  65010.55 65010.55      0      7.43E-06  1.56E-19
    Q         15     1538.66   64991.63 64991.65     0.02    7.71E-06  1.62E-19
    Q         16     1539.139  64971.38  64971.4     0.02    8.07E-06  1.69E-19
    Q         17     1539.65   64949.81  64949.79   -0.02    8.49E-06  1.78E-19
    Q         18     1540.194  64926.9   64926.84   -0.06    9.01E-06  1.89E-19
    Q         19     1540.769  64902.65  64902.53   -0.12    9.66E-06  2.03E-19
    Q         20     1541.377  64877.07  64876.93   -0.14    1.04E-05  2.20E-19
    R         1      1535.951  65106.25 65106.16    -0.09    6.95E-08  1.45E-21
    R         2      1535.958  65105.97 65106.16     0.19    1.38E-07  2.88E-21
    R         3      1535.996  65104.32  65104.27   -0.05    2.18E-07  4.56E-21
    R         4      1536.068  65101.28  65101.25   -0.03    3.14E-07  6.55E-21
    R         5      1536.172  65096.87 65096.80    -0.07    4.20E-07  8.78E-21
    R         6      1536.309  65091.08  65090.86   -0.22    5.43E-07  1.13E-20
    R         7      1536.478  65083.91  65083.86   -0.05    6.77E-07  1.42E-20
    R         8      1536.68   65075.37  65075.36   -0.01    8.24E-07  1.72E-20
    R         9      1536.914  65065.44  65065.39   -0.05    9.88E-07  2.06E-20
    R         10     1537.181  65054.14  65054.1    -0.04    1.17E-06  2.44E-20
    R         11     1537.481  65041.46  65041.41   -0.05    1.37E-06  2.87E-20
    R         12     1537.814  65027.39 65027.19     -0.2    1.60E-06  3.35E-20
    R         13     1538.179  65011.94 65011.92    -0.02    1.86E-06  3.89E-20
    R         14     1538.58   64994.99  64995.28    0.29    2.16E-06  4.52E-20
    R         15     1539.008  64976.91  64976.97    0.06    2.51E-06  5.27E-20
    R         16     1539.472  64957.32  64957.34    0.02    2.94E-06  6.16E-20
    R         17     1539.969  64936.36 64936.39     0.04    3.45E-06  7.25E-20
    R         18      1540.5   64914.01  64914.01     0      4.09E-06  8.60E-20
    R         19     1541.063  64890.29  64890.27   -0.01    4.91E-06  1.03E-19
    R         20     1541.659  64865.17  64865.17     0      5.96E-06  1.25E-19
    P         3      1536.405  65087.02     --        --     1.98E-08  4.14E-22
    P         4      1536.593  65079.05  65079.1     0.05    5.74E-08  1.20E-21
    P         5      1536.813  65069.72  65069.68   -0.04    1.11E-07  2.32E-21
    P         6      1537.067  65058.99  65059.06    0.07    1.81E-07  3.78E-21
    P         7      1537.352  65046.9   65047.13    0.23    2.64E-07  5.52E-21
    P         8      1537.671  65033.43 65033.42*   -0.01    3.62E-07  7.59E-21
    P         9      1538.022  65018.58 65018.65*    0.07    4.74E-07  9.93E-21
    P         10     1538.406  65002.36  65002.4     0.04    5.99E-07  1.25E-20
    P         11     1538.823  64984.75  64984.8     0.05    7.40E-07  1.55E-20
    P         12     1539.272  64965.78  64965.82    0.04    8.97E-07  1.88E-20
    P         13     1539.754  64945.43  64945.48    0.05    1.08E-06  2.26E-20
    P         14     1540.27   64923.69  64923.75    0.06    1.28E-06  2.68E-20
    P         15     1540.818  64900.59  64900.65    0.06    1.51E-06  3.17E-20
    P         16     1541.403  64875.98  64876.15    0.17    1.77E-06  3.72E-20
    P         17     1542.014  64850.24 64850.08*   -0.16    2.09E-06  4.39E-20
    P         18     1542.662  64823.01   64823     -0.01    2.46E-06  5.19E-20
    P         19     1543.343  64794.4      --        --     2.92E-06  6.16E-20
    P         20     1544.058  64764.41     --        --     3.49E-06  7.37E-20
    Q         2      1536.132  65098.56  65098.53   -0.03    6.94E-08  1.45E-21
    Q         3      1536.23   65094.43  65094.42   -0.01    1.72E-07  3.60E-21
    Q         4      1536.359  65088.94  65088.86   -0.08    3.06E-07  6.39E-21
    Q         5      1536.522  65082.06  65082.01   -0.05    4.70E-07  9.82E-21
    Q         6      1536.717  65073.8   65073.73   -0.07    6.60E-07  1.38E-20
    Q         7      1536.944  65064.17 65064.25     0.08    8.81E-07  1.84E-20
    Q         8      1537.204  65053.17 65053.13    -0.04    1.13E-06  2.36E-20
    Q         9      1537.497  65040.78 65040.81     0.03    1.40E-06  2.93E-20
    Q         10     1537.822  65027.02 65027.19     0.17    1.70E-06  3.57E-20
    Q         11     1538.18   65011.88 65011.92     0.04    2.04E-06  4.27E-20
    Q         12     1538.571  64995.36 64995.81     0.45    2.42E-06  5.08E-20
    Q         13     1538.995  64977.46  64977.4    -0.06    2.85E-06  5.98E-20
    Q         14     1539.452  64958.18 64958.22     0.04    3.34E-06  7.01E-20
    Q         15     1539.945  64937.4   64937.56    0.16    3.90E-06  8.19E-20
    Q         16     1540.464  64915.49  64915.59    0.1     4.58E-06  9.61E-20
    Q         17     1541.02   64892.08  64892.11    0.03    5.37E-06  1.13E-19
    Q         18     1541.609  64867.29  64867.28   -0.01    6.35E-06  1.34E-19
    Q         19     1542.231  64841.12  64841.08   -0.04    7.56E-06  1.59E-19
    Q         20     1542.887  64813.58     --        --     9.09E-06  1.91E-19
    R         3      1536.913  65065.49     --        --     2.20E-09  4.61E-23
    R         4      1537.003  65061.67     --        --     4.97E-09  1.04E-22
    R         5      1537.13   65056.32     --        --     1.02E-08  2.13E-22
    R         6      1537.291  65049.47 65049.23    -0.25    1.78E-08  3.72E-22
    R         7      1537.489  65041.13 65040.81    -0.32    2.88E-08  6.03E-22
    R         8      1537.721  65031.3  65031.04    -0.26    4.40E-08  9.21E-22
    R         9      1537.989  65019.99  65019.99     0      6.39E-08  1.34E-21
    R         10     1538.291  65007.21  65007.12   -0.09    8.99E-08  1.88E-21
    R         11     1538.628  64992.96  64992.97    0.01    1.25E-07  2.62E-21
    R         12       1539    64977.27  64977.4     0.13    1.68E-07  3.53E-21
    R         13     1539.406  64960.13  64960.08   -0.05    2.26E-07  4.73E-21
    R         14     1539.846  64941.55  64941.61    0.06    2.98E-07  6.25E-21
    R         15     1540.321  64921.54  64921.59    0.06    3.94E-07  8.26E-21
    R         16     1540.821  64900.47  64900.15   -0.32    5.24E-07  1.10E-20
    R         17     1541.374  64877.19 64877.15    -0.04    6.96E-07  1.46E-20
    R         18     1541.95   64852.93     --        --     9.44E-07  1.99E-20
    R         19     1542.562  64827.23     --        --     1.31E-06  2.75E-20
    R         20     1543.207  64800.12     --        --     1.87E-06  3.94E-20
    P         4      1537.495  65040.88     --        --     2.16E-10  4.52E-24
    P         5      1537.731  65030.89     --        --     1.12E-09  2.35E-23
    P         6      1538.003  65019.38     --        --     2.87E-09  6.00E-23
    P         7      1538.311  65006.35 65006.12    -0.23    6.39E-09  1.34E-22
    P         8      1538.655  64991.82 64991.64    -0.18    1.19E-08  2.49E-22
    P         9      1539.035  64975.79     --        --     2.02E-08  4.23E-22
    P         10     1539.45   64958.28  64958.22   -0.06    3.20E-08  6.71E-22
    P         11      1539.9   64939.3   64939.28   -0.02    4.78E-08  1.00E-21
    P         12     1540.385  64918.84  64918.92    0.08    6.91E-08  1.45E-21
    P         13     1540.905  64896.93  64896.98    0.05    9.79E-08  2.06E-21
    P         14     1541.46   64873.57 64873.60     0.03    1.34E-07  2.83E-21
    P         15     1542.049  64848.77  64848.79    0.02    1.83E-07  3.85E-21
    P         16     1542.673  64822.54  64822.55    0.01    2.45E-07  5.15E-21
    P         17     1543.332  64794.87     --        --     3.27E-07  6.89E-21
    P         18     1544.016  64766.15     --        --     4.39E-07  9.27E-21
    P         19     1544.754  64735.23     --        --     5.90E-07  1.25E-20
    P         20     1545.515  64703.34     --        --     8.06E-07  1.70E-20
    Q         3      1537.131  65056.26     --        --     6.48E-10  1.35E-23
    Q         4      1537.276  65050.11     --        --     3.08E-09  6.45E-23
    Q         5      1537.458  65042.45     --        --     7.46E-09  1.56E-22
    Q         6      1537.675  65033.26 65033.42     0.16    1.60E-08  3.34E-22
    Q         7      1537.928  65022.57  65022.55   -0.02    2.89E-08  6.05E-22
    Q         8      1538.216  65010.38 65010.54     0.16    4.80E-08  1.01E-21
    Q         9      1538.539  64996.71  64996.66   -0.05    7.47E-08  1.56E-21
    Q         10     1538.898  64981.56  64981.54   -0.02    1.10E-07  2.31E-21
    Q         11     1539.292  64964.94  64964.91   -0.03    1.57E-07  3.30E-21
    Q         12     1539.72   64946.87  64946.82   -0.05    2.21E-07  4.63E-21
    Q         13     1540.183  64927.34  64927.33   -0.01    3.00E-07  6.31E-21
    Q         14     1540.681  64906.37  64906.16   -0.21    4.06E-07  8.52E-21
    Q         15     1541.213  64883.96  64883.98    0.02    5.39E-07  1.13E-20
    Q         16     1541.78   64860.11  64860.15    0.04    7.16E-07  1.51E-20
    Q         17     1542.372  64835.22  64834.85   -0.37    9.58E-07  2.02E-20
    Q         18     1543.017  64808.12     --        --     1.28E-06  2.70E-20
    Q         19     1543.685  64780.05     --        --     1.74E-06  3.68E-20
    Q         20     1544.389  64750.53     --        --     2.42E-06  5.11E-20