    R         0      1543.171  64801.65  64801.43   -0.22    2.41E-04  5.08E-18
    R         1      1543.203  64800.29  64800.38    0.09    1.40E-04  2.94E-18
    R         2      1543.265  64797.67  64797.77    0.1     1.34E-04  2.82E-18
    R         3      1543.358  64793.76  64793.84    0.08    1.50E-04  3.16E-18
    R         4      1543.482  64788.59  64788.65    0.06    1.87E-04  3.94E-18
    R         5      1543.634  64782.19  64782.35    0.16    2.61E-04  5.50E-18
    R         6      1543.814  64774.65  64774.89    0.24    4.20E-04  8.86E-18
    R         7      1544.014  64766.26  64766.43    0.17    8.22E-04  1.73E-17
    R         8      1544.213  64757.89  64758.29    0.4     1.90E-03  4.01E-17
    R         9      1544.712  64736.97  64737.53    0.56    1.25E-03  2.64E-17
    R         10     1544.989  64725.37  64725.51    0.14    4.60E-04  9.72E-18
    R         11     1545.321  64711.47     --        --     2.02E-04  4.27E-18
    R         12     1545.693  64695.88     --        --     1.05E-04  2.22E-18
    R         13     1546.102  64678.8      --        --     6.11E-05  1.29E-18
    R         14     1546.544  64660.32     --        --     3.85E-05  8.16E-19
    R         15     1547.019  64640.46     --        --     2.57E-05  5.45E-19
    R         16     1547.527  64619.23     --        --     1.80E-05  3.81E-19
    R         17     1548.068  64596.66     --        --     1.30E-05  2.75E-19
    R         18     1548.641  64572.74     --        --     9.59E-06  2.04E-19
    R         19     1549.247  64547.48     --        --     7.26E-06  1.54E-19
    R         20     1549.886  64520.87     --        --     5.60E-06  1.19E-19
    P         2      1543.445  64790.12  64790.17    0.05    2.41E-05  5.08E-19
    P         3      1543.661  64781.06  64781.33    0.27    3.99E-05  8.41E-19
    P         4      1543.907  64770.75  64770.89    0.14    5.57E-05  1.17E-18
    P         5      1544.183  64759.16  64759.13   -0.03    7.62E-05  1.61E-18
    P         6      1544.49   64746.31  64746.51    0.2     1.08E-04  2.27E-18
    P         7      1544.826  64732.22  64732.39    0.17    1.64E-04  3.46E-18
    P         8      1545.189   64717    64717.24    0.24    2.81E-04  5.93E-18
    P         9      1545.573  64700.92  64701.20    0.28    5.76E-04  1.22E-17
    P         10     1545.957  64684.87  64685.31    0.44    1.38E-03  2.93E-17
    P         11     1546.64   64656.28  64656.83    0.55    9.36E-04  1.98E-17
    P         12     1547.101  64637.01  64637.37    0.36    3.53E-04  7.48E-18
    P         13     1547.618  64615.44     --        --     1.59E-04  3.36E-18
    P         14     1548.175  64592.18     --        --     8.37E-05  1.78E-18
    P         15     1548.768  64567.45     --        --     4.95E-05  1.05E-18
    P         16     1549.395  64541.31     --        --     3.16E-05  6.72E-19
    P         17     1550.056  64513.79     --        --     2.14E-05  4.55E-19
    P         18     1550.75   64484.92     --        --     1.51E-05  3.21E-19
    P         19     1551.477  64454.7      --        --     1.10E-05  2.34E-19
    P         20     1552.237  64423.14     --        --     8.19E-06  1.75E-19
    R         0      1543.003  64808.69  64808.81    0.12    1.99E-04  4.19E-18
    R         1      1542.913  64812.47  64812.54    0.07    9.53E-05  2.01E-18
    R         2      1542.856  64814.87  64814.96    0.09    7.51E-05  1.58E-18
    R         3      1542.831  64815.93  64816.01    0.08    6.76E-05  1.42E-18
    R         4      1542.837  64815.66  64815.85    0.19    6.49E-05  1.37E-18
    R         5      1542.875  64814.06  64814.14    0.08    6.52E-05  1.37E-18
    R         6      1542.945  64811.13  64811.18    0.05    6.80E-05  1.43E-18
    R         7      1543.046  64806.88  64806.93    0.05    7.34E-05  1.55E-18
    R         8      1543.179  64801.31  64801.43    0.12    8.22E-05  1.73E-18
    R         9      1543.343  64794.43  64794.5     0.07    9.61E-05  2.03E-18
    R         10     1543.538  64786.24  64786.23   -0.01    1.18E-04  2.49E-18
    R         11     1543.763  64776.77  64776.82    0.05    1.55E-04  3.26E-18
    R         12     1544.019  64766.05 64766.21     0.16    2.21E-04  4.67E-18
    R         13     1544.302  64754.17  64754.33    0.16    3.60E-04  7.59E-18
    R         14     1544.607  64741.38  64741.48    0.1     7.02E-04  1.48E-17
    R         15     1544.916  64728.45  64728.68    0.23    1.65E-03  3.48E-17
    R         16     1545.514  64703.4   64703.76    0.36    1.32E-03  2.78E-17
    R         17     1545.891  64687.61  64687.95    0.34    4.83E-04  1.02E-17
    R         18     1546.326  64669.4      --        --     2.09E-04  4.42E-18
    R         19     1546.803  64649.48     --        --     1.07E-04  2.27E-18
    R         20     1547.316  64628.05     --        --     6.22E-05  1.32E-18
    P         2      1543.278  64797.15  64797.31    0.16    1.99E-05  4.19E-19
    P         3      1543.371  64793.24  64793.33    0.09    2.72E-05  5.74E-19
    P         4      1543.497  64787.95  64788.1     0.15    3.13E-05  6.59E-19
    P         5      1543.655  64781.33  64781.33     0      3.44E-05  7.24E-19
    P         6      1543.844  64773.37  64773.51    0.14    3.74E-05  7.89E-19
    P         7      1544.066  64764.08  64764.12    0.04    4.09E-05  8.63E-19
    P         8      1544.319  64753.48  64753.57    0.09    4.54E-05  9.58E-19
    P         9      1544.603  64741.55  64741.63    0.08    5.14E-05  1.09E-18
    P         10     1544.919  64728.3      --        --     5.98E-05  1.26E-18
    P         11     1545.267  64713.74  64713.9     0.16    7.20E-05  1.52E-18
    P         12     1545.646  64697.88  64697.95    0.07    9.06E-05  1.92E-18
    P         13     1546.055  64680.74  64680.86    0.12    1.21E-04  2.56E-18
    P         14     1546.495  64662.36  64662.43    0.07    1.77E-04  3.74E-18
    P         15     1546.962  64642.82  64642.93    0.11    2.91E-04  6.17E-18
    P         16     1547.452  64622.36  64622.49    0.13    5.76E-04  1.22E-17
    P         17     1547.945  64601.78  64602.05    0.27    1.37E-03  2.90E-17
    P         18     1548.729  64569.09  64569.62    0.53    1.10E-03  2.34E-17
    P         19     1549.291  64545.65     --        --     4.09E-04  8.68E-18
    P         20     1549.912  64519.81     --        --     1.78E-04  3.79E-18
    Q         1      1543.177  64801.39  64801.43    0.04    2.18E-04  4.59E-18
    Q         2      1543.239  64798.76  64798.76     0      2.28E-04  4.80E-18
    Q         3      1543.333  64794.82  64794.76   -0.06    2.44E-04  5.14E-18
    Q         4      1543.458  64789.58  64789.56   -0.02    2.68E-04  5.65E-18
    Q         5      1543.614  64783.03  64783.01   -0.02    3.04E-04  6.41E-18
    Q         6      1543.801  64775.2   64775.22    0.02    3.57E-04  7.53E-18
    Q         7      1544.018  64766.1   64766.21    0.11    4.39E-04  9.26E-18
    Q         8      1544.264  64755.77  64755.83    0.06    5.70E-04  1.20E-17
    Q         9      1544.538  64744.28  64744.24   -0.04    7.96E-04  1.68E-17
    Q         10     1544.837  64731.76  64731.75   -0.01    1.22E-03  2.57E-17
    Q         11     1545.152  64718.55  64718.79    0.24    2.07E-03  4.37E-17
    Q         12     1545.468  64705.34  64705.67    0.33    3.66E-03  7.73E-17
    Q         13     1546.216  64674.04  64674.59    0.55    2.63E-03  5.57E-17
    Q         14     1546.607  64657.67  64658.07    0.4     1.30E-03  2.74E-17
    Q         15     1547.055  64638.93  64639.13    0.2     6.60E-04  1.40E-17
    Q         16     1547.548  64618.33  64618.47    0.14    3.68E-04  7.81E-18
    Q         17     1548.08   64596.14  64596.25    0.11    2.23E-04  4.73E-18
    Q         18     1548.647  64572.48     --        --     1.44E-04  3.06E-18
    Q         19     1549.249  64547.39     --        --     9.78E-05  2.08E-18
    Q         20     1549.885  64520.92     --        --     6.90E-05  1.47E-18