    R         0      1551.635  64448.13 64448.13      0      2.86E-06  6.09E-20
    R         1      1551.613  64449.08  64449.08     0      7.12E-07  1.52E-20
    R         2      1551.625  64448.58  64448.6     0.02    4.51E-07  9.62E-21
    R         3      1551.672  64446.62  64446.64    0.02    3.54E-07  7.55E-21
    R         4      1551.754  64443.22  64443.24    0.02    3.05E-07  6.50E-21
    R         5      1551.87   64438.37  64438.43    0.06    2.73E-07  5.82E-21
    R         6      1552.022  64432.06  64432.1     0.04    2.50E-07  5.34E-21
    R         7      1552.209  64424.31  64424.34    0.03    2.33E-07  4.96E-21
    R         8      1552.431  64415.1   64415.18    0.08    2.18E-07  4.64E-21
    R         9      1552.688  64404.45  64404.51    0.06    2.05E-07  4.38E-21
    R         10     1552.98   64392.34  64392.43    0.09    1.94E-07  4.14E-21
    R         11     1553.307  64378.78  64378.93    0.15    1.85E-07  3.94E-21
    R         12     1553.669  64363.77  64364.11    0.34    1.75E-07  3.75E-21
    R         13     1554.066  64347.31  64347.7     0.39    1.67E-07  3.58E-21
    R         14     1554.499  64329.4      --        --     1.60E-07  3.42E-21
    R         15     1554.967  64310.03     --        --     1.52E-07  3.26E-21
    R         16     1555.471  64289.22     --        --     1.45E-07  3.11E-21
    R         17     1556.01   64266.95     --        --     1.39E-07  2.98E-21
    R         18     1556.584  64243.22     --        --     1.33E-07  2.85E-21
    R         19     1557.195  64218.05     --        --     1.27E-07  2.73E-21
    R         20     1557.841  64191.42     --        --     1.22E-07  2.61E-21
    P         2      1551.913  64436.6   64436.58   -0.02    2.86E-07  6.09E-21
    P         3      1552.075  64429.86  64429.84   -0.02    2.03E-07  4.33E-21
    P         4      1552.273  64421.66  64421.65   -0.01    1.88E-07  4.01E-21
    P         5      1552.505  64412.02  64412.03    0.01    1.80E-07  3.84E-21
    P         6      1552.773  64400.93  64400.98    0.05    1.76E-07  3.75E-21
    P         7      1553.075  64388.39  64388.4     0.01    1.71E-07  3.66E-21
    P         8      1553.412  64374.41  64374.45    0.04    1.67E-07  3.57E-21
    P         9      1553.785  64358.97   64359      0.03    1.63E-07  3.48E-21
    P         10     1554.193  64342.09  64342.21    0.12    1.58E-07  3.38E-21
    P         11     1554.636  64323.76  64323.8     0.04    1.54E-07  3.29E-21
    P         12     1555.114  64303.98  64304.02    0.04    1.49E-07  3.19E-21
    P         13     1555.627  64282.75  64283.04    0.29    1.45E-07  3.10E-21
    P         14     1556.176  64260.08     --        --     1.40E-07  3.00E-21
    P         15     1556.761  64235.96     --        --     1.36E-07  2.91E-21
    P         16     1557.38   64210.39     --        --     1.31E-07  2.81E-21
    P         17     1558.036  64183.37     --        --     1.27E-07  2.72E-21
    P         18     1558.727  64154.9      --        --     1.22E-07  2.62E-21
    P         19     1559.454  64124.99     --        --     1.18E-07  2.53E-21
    P         20     1560.217  64093.63     --        --     1.13E-07  2.44E-21
    Q         1      1551.571  64450.8   64450.88    0.08    1.12E-06  2.39E-20
    Q         2      1551.588  64450.09  64450.19    0.1     9.62E-07  2.05E-20
    Q         3      1551.637  64448.05 64448.13     0.08    8.81E-07  1.88E-20
    Q         4      1551.721  64444.59  64444.67    0.08    8.17E-07  1.74E-20
    Q         5      1551.838  64439.7   64439.79    0.09    7.74E-07  1.65E-20
    Q         6      1551.991  64433.38  64433.5     0.12    7.42E-07  1.58E-20
    Q         7      1552.178  64425.61  64425.72    0.11    7.07E-07  1.51E-20
    Q         8       1552.4   64416.39  64416.51    0.12    6.79E-07  1.45E-20
    Q         9      1552.657  64405.72  64405.84    0.12    6.51E-07  1.39E-20
    Q         10     1552.949  64393.61  64393.75    0.14    6.24E-07  1.33E-20
    Q         11     1553.276  64380.04  64380.22    0.18    6.00E-07  1.28E-20
    Q         12     1553.639  64365.03  64365.25    0.22    5.72E-07  1.22E-20
    Q         13     1554.036  64348.56  64348.87    0.31    5.50E-07  1.18E-20
    Q         14     1554.469  64330.65     --        --     5.27E-07  1.13E-20
    Q         15     1554.937  64311.28     --        --     5.07E-07  1.09E-20
    Q         16     1555.441  64290.46     --        --     4.88E-07  1.05E-20
    Q         17     1555.98   64268.19     --        --     4.67E-07  1.00E-20
    Q         18     1556.554  64244.46     --        --     4.47E-07  9.61E-21
    Q         19     1557.165  64219.29     --        --     4.33E-07  9.32E-21
    Q         20     1557.811  64192.65     --        --     4.13E-07  8.90E-21
    Q         1      1551.77   64442.53  64442.55    0.03    3.14E-07  6.69E-21
    Q         2      1551.893  64437.43  64437.45    0.02    4.58E-07  9.77E-21
    Q         3      1552.053  64430.78  64430.84    0.06    5.34E-07  1.14E-20
    Q         4      1552.249  64422.64  64422.7     0.06    5.75E-07  1.23E-20
    Q         5      1552.481  64413.04  64413.09    0.05    5.97E-07  1.27E-20
    Q         6      1552.748  64401.97  64402.07    0.1     6.10E-07  1.30E-20
    Q         7      1553.049  64389.45  64389.49    0.04    6.22E-07  1.33E-20
    Q         8      1553.387  64375.48  64375.59    0.11    6.19E-07  1.32E-20
    Q         9      1553.759  64360.05  64360.16    0.11    6.15E-07  1.31E-20
    Q         10     1554.166  64343.18  64343.31    0.13    6.14E-07  1.31E-20
    Q         11     1554.609  64324.85  64325.04    0.19    6.04E-07  1.29E-20
    Q         12     1555.087  64305.08  64305.3     0.22    5.89E-07  1.26E-20
    Q         13     1555.601  64283.86  64284.25    0.39    5.79E-07  1.24E-20
    Q         14     1556.149  64261.19     --        --     5.65E-07  1.21E-20
    Q         15     1556.734  64237.07     --        --     5.48E-07  1.17E-20
    Q         16     1557.353  64211.5      --        --     5.34E-07  1.14E-20
    Q         17     1558.009  64184.48     --        --     5.18E-07  1.11E-20
    Q         18      1558.7   64156.02     --        --     5.03E-07  1.08E-20
    Q         19     1559.427  64126.11     --        --     4.86E-07  1.04E-20
    Q         20     1560.19   64094.75     --        --     4.69E-07  1.01E-20