    R         0      1561.231  64052.04  64051.92   -0.12    5.39E-06  1.16E-19
    R         1      1561.194  64053.53 64053.56     0.03    2.66E-06  5.74E-20
    R         2      1561.187  64053.83 64053.56    -0.27    2.09E-06  4.51E-20
    R         3      1561.208  64052.95  64052.84   -0.11    1.83E-06  3.94E-20
    R         4      1561.259  64050.87  64050.81   -0.06    1.66E-06  3.57E-20
    R         5      1561.339  64047.59  64047.54   -0.05    1.53E-06  3.30E-20
    R         6      1561.449  64043.09  64043.05   -0.04    1.42E-06  3.07E-20
    R         7      1561.588  64037.36 64037.41     0.05    1.33E-06  1.33E-06
    R         8      1561.758  64030.4   64030.36   -0.04    1.20E-06  2.70E-20
    R         9      1561.959  64022.19  64022.22    0.03    1.18E-06  1.18E-06
    R         10     1562.189  64012.72  64012.78    0.06    1.10E-06  1.10E-06
    R         11     1562.451  64001.99  64002.04    0.05    1.04E-06  1.04E-06
    R         12     1562.744  63989.99  63990.07    0.08    9.80E-07  9.80E-07
    R         13     1563.069  63976.71 63976.70    -0.01    9.23E-07  2.00E-20
    R         14     1563.425  63962.14  63962.24    0.1     8.67E-07  1.88E-20
    R         15     1563.813  63946.28  63946.33    0.05    8.14E-07  1.76E-20
    R         16     1564.233  63929.11 63929.20     0.09    7.65E-07  1.66E-20
    R         17     1564.685  63910.65  63910.87    0.22    7.19E-07  1.56E-20
    R         18     1565.169  63890.87  63891.06    0.19    6.78E-07  1.47E-20
    R         19     1565.686  63869.78  63870.02    0.24    6.36E-07  1.38E-20
    R         20     1566.235  63847.38     --        --     5.99E-07  1.30E-20
    P         2      1561.512  64040.5   64040.35   -0.15    5.39E-07  1.16E-20
    P         3      1561.663  64034.3   64034.19   -0.11    7.60E-07  1.64E-20
    P         4      1561.843  64026.92  64026.83   -0.09    8.70E-07  1.88E-20
    P         5      1562.052  64018.35  64018.31   -0.04    9.28E-07  2.00E-20
    P         6      1562.29   64008.59  64008.53   -0.06    9.54E-07  2.06E-20
    P         7      1562.558  63997.62  63997.58   -0.04    9.59E-07  2.07E-20
    P         8      1562.856  63985.43  63985.41   -0.02    9.51E-07  2.06E-20
    P         9      1563.183  63972.02  63971.98   -0.04    9.34E-07  2.02E-20
    P         10     1563.541  63957.38  63957.36   -0.02    9.09E-07  1.97E-20
    P         11     1563.93   63941.5   63941.5      0      8.82E-07  1.91E-20
    P         12     1564.349  63924.36 63924.44     0.08    8.48E-07  1.84E-20
    P         13     1564.799  63905.96  63906.04    0.08    8.16E-07  1.77E-20
    P         14     1565.281  63886.29  63886.42    0.13    7.82E-07  1.70E-20
    P         15     1565.794  63865.35  63865.47    0.12    7.47E-07  1.62E-20
    P         16     1566.339  63843.12  63843.25    0.13    7.11E-07  1.54E-20
    P         17     1566.917  63819.61  63819.76    0.15    6.75E-07  1.47E-20
    P         18     1567.526  63794.8   63794.99    0.19    6.42E-07  1.40E-20
    P         19     1568.168  63768.69  63768.91    0.22    6.09E-07  1.33E-20
    P         20     1568.842  63741.28     --        --     5.79E-07  1.26E-20
    Q         1      1561.324  64048.19  64048.02   -0.17    2.69E-06  5.81E-20
    Q         2      1561.382  64045.83  64045.77   -0.07    2.66E-06  5.74E-20
    Q         3      1561.468  64042.3   64042.27   -0.03    2.61E-06  5.64E-20
    Q         4      1561.583  64037.57  64037.46   -0.11    2.55E-06  5.51E-20
    Q         5      1561.728  64031.65  64031.61   -0.04    2.48E-06  5.36E-20
    Q         6      1561.902  64024.52  64024.47   -0.05    2.40E-06  5.18E-20
    Q         7      1562.105  64016.18  64016.18     0      2.31E-06  4.99E-20
    Q         8      1562.339  64006.61  64006.63    0.02    2.22E-06  4.80E-20
    Q         9      1562.602  63995.81  63995.83    0.02    2.12E-06  4.58E-20
    Q         10     1562.897  63983.76  63983.81    0.05    2.03E-06  4.39E-20
    Q         11     1563.222  63970.46  63970.55    0.09    1.93E-06  4.17E-20
    Q         12     1563.578  63955.89  63955.99    0.1     1.84E-06  3.98E-20
    Q         13     1563.965  63940.06  63940.16    0.1     1.75E-06  3.79E-20
    Q         14     1564.384  63922.94  63923.13    0.19    1.66E-06  3.60E-20
    Q         15     1564.834  63904.54  63904.69    0.15    1.57E-06  3.40E-20
    Q         16     1565.316  63884.86  63884.98    0.13    1.48E-06  3.21E-20
    Q         17     1565.831  63863.87     --        --     1.40E-06  3.04E-20
    Q         18     1566.377  63841.58     --        --     1.32E-06  2.87E-20
    Q         19     1566.956  63817.98     --        --     1.25E-06  2.72E-20
    Q         20     1567.568  63793.08     --        --     1.18E-06  2.57E-20
    R         1      1562.117  64015.71 64015.71      0      2.12E-08  4.58E-22
    R         2      1562.121  64015.53 64015.71     0.18    4.09E-08  8.83E-22
    R         3      1562.158   64014    64014.06    0.06    6.25E-08  1.35E-21
    R         4      1562.228  64011.14  64011.16    0.03    9.32E-08  2.01E-21
    R         5      1562.331  64006.92 64006.71    -0.21    1.10E-07  2.38E-21
    R         6      1562.467  64001.37  64001.41    0.04    1.35E-07  2.92E-21
    R         7      1562.635  63994.46  63994.53    0.06    1.60E-07  3.46E-21
    R         8      1562.837  63986.22  63986.19   -0.03    1.82E-07  3.93E-21
    R         9      1563.071  63976.62 63976.69     0.07    2.02E-07  4.37E-21
    R         10     1563.338  63965.68  63965.68     0      2.19E-07  4.73E-21
    R         11     1563.639  63953.4   63953.32   -0.08    2.35E-07  5.08E-21
    R         12     1563.972  63939.77  63939.65   -0.12    2.47E-07  5.35E-21
    R         13     1564.338  63924.79 63924.44    -0.35    2.58E-07  5.59E-21
    R         14     1564.738  63908.46  63908.37   -0.09    2.65E-07  5.75E-21
    R         15     1565.171  63890.79  63890.72   -0.07    2.72E-07  5.90E-21
    R         16     1565.637  63871.77  63871.63   -0.14    2.75E-07  5.96E-21
    R         17     1566.136  63851.4   63851.18   -0.22    2.77E-07  6.01E-21
    R         18     1566.669  63829.68     --        --     2.77E-07  6.02E-21
    R         19     1567.236  63806.62     --        --     2.75E-07  5.98E-21
    R         20     1567.835  63782.21     --        --     2.74E-07  5.96E-21
    P         3      1562.586  63996.49     --        --     6.05E-09  1.31E-22
    P         4      1562.778  63988.62  63988.7     0.08    1.70E-08  3.67E-22
    P         5      1563.003  63979.4   63979.39   -0.01    3.18E-08  6.87E-22
    P         6      1563.261  63968.85  63968.88    0.03    5.37E-08  1.16E-21
    P         7      1563.552  63956.95  63957.01    0.06    6.92E-08  1.50E-21
    P         8      1563.875  63943.71  63943.7    -0.01    9.04E-08  1.96E-21
    P         9      1564.232  63929.13 63929.16     0.03    1.12E-07  2.43E-21
    P         10     1564.622  63913.2   63913.08   -0.12    1.32E-07  2.86E-21
    P         11     1565.045  63895.93  63896.01    0.08    1.52E-07  3.29E-21
    P         12     1565.501  63877.32  63877.22    -0.1    1.68E-07  3.65E-21
    P         13     1565.99   63857.37  63857.34   -0.03    1.84E-07  4.00E-21
    P         14     1566.512  63836.07  63835.99   -0.08    1.97E-07  4.28E-21
    P         15     1567.068  63813.43  63813.31   -0.12    2.09E-07  4.55E-21
    P         16     1567.657  63789.45  63789.3    -0.15    2.18E-07  4.74E-21
    P         17     1568.28   63764.12     --        --     2.26E-07  4.92E-21
    P         18     1568.936  63737.45     --        --     2.31E-07  5.03E-21
    P         19     1569.626  63709.44     --        --     2.35E-07  5.12E-21
    P         20     1570.35   63680.09     --        --     2.37E-07  5.17E-21
    Q         2      1562.304  64008.02  64008.55    0.53    2.12E-08  4.58E-22
    Q         3      1562.402   64004    64004.06    0.06    5.12E-08  1.11E-21
    Q         4      1562.534  63998.63  63998.69    0.06    8.75E-08  1.89E-21
    Q         5      1562.697  63991.91  63991.91     0      1.40E-07  3.02E-21
    Q         6      1562.894  63983.86 63983.90     0.04    1.73E-07  3.74E-21
    Q         7      1563.124  63974.46  63974.5     0.04    2.20E-07  4.76E-21
    Q         8      1563.386  63963.71  63963.74    0.03    2.66E-07  5.75E-21
    Q         9      1563.682  63951.63  63951.62   -0.01    3.08E-07  6.67E-21
    Q         10     1564.01   63938.2   63938.21    0.01    3.49E-07  7.55E-21
    Q         11     1564.372  63923.42  63923.31   -0.11    3.83E-07  8.29E-21
    Q         12     1564.766  63907.3   63907.28   -0.02    4.15E-07  8.99E-21
    Q         13     1565.194  63889.83  63889.81   -0.02    4.40E-07  9.54E-21
    Q         14     1565.655  63871.02  63870.94   -0.08    4.64E-07  1.01E-20
    Q         15     1566.149  63850.87  63850.8    -0.07    4.80E-07  1.04E-20
    Q         16     1566.677  63829.37  63829.24   -0.13    4.95E-07  1.07E-20
    Q         17     1567.238  63806.52  63806.38   -0.14    5.03E-07  1.09E-20
    Q         18     1567.832  63782.33  63782.13    -0.2    5.09E-07  1.11E-20
    Q         19     1568.46   63756.79  63756.73   -0.06    5.12E-07  1.11E-20
    Q         20     1569.122  63729.91     --        --     5.10E-07  1.11E-20
    R         2      1563.038  63977.97     --        --     1.09E-10  2.36E-24
    R         3      1563.092  63975.78     --        --     4.49E-10  9.71E-24
    R         4      1563.182  63972.1      --        --     1.10E-09  2.38E-23
    R         5      1563.308  63966.93     --        --     1.81E-09  3.91E-23
    R         6      1563.47   63960.29     --        --     3.05E-09  6.60E-23
    R         7      1563.668  63952.18     --        --     4.83E-09  1.05E-22
    R         8      1563.902  63942.62     --        --     6.67E-09  1.44E-22
    R         9      1564.171  63931.62     --        --     8.57E-09  1.86E-22
    R         10     1564.476  63919.18     --        --     1.09E-08  2.36E-22
    R         11     1564.815  63905.31     --        --     1.33E-08  2.88E-22
    R         12     1565.19   63890.02     --        --     1.61E-08  3.49E-22
    R         13     1565.599  63873.32     --        --     1.82E-08  3.95E-22
    R         14     1566.043  63855.21     --        --     2.08E-08  4.51E-22
    R         15     1566.521  63835.71     --        --     2.31E-08  5.02E-22
    R         16     1567.035  63814.8      --        --     2.48E-08  5.39E-22
    R         17     1567.582  63792.51     --        --     2.68E-08  5.83E-22
    R         18     1568.164  63768.84     --        --     2.88E-08  6.27E-22
    R         19     1568.781  63743.78     --        --     3.08E-08  6.71E-22
    R         20     1569.432  63717.34     --        --     3.19E-08  6.95E-22                                              --
    P         4      1563.696  63951.06     --        --     4.52E-11  9.78E-25
    P         5      1563.937  63941.18     --        --     2.28E-10  4.94E-24
    P         6      1564.216  63929.81     --        --     6.36E-10  1.38E-23
    P         7      1564.53   63916.96     --        --     1.13E-09  2.45E-23
    P         8      1564.881  63902.64     --        --     2.04E-09  4.42E-23
    P         9      1565.267  63886.85     --        --     3.38E-09  7.33E-23
    P         10     1565.69   63869.61     --        --     4.85E-09  1.05E-22
    P         11     1566.148  63850.93     --        --     6.42E-09  1.39E-22
    P         12     1566.641  63830.82     --        --     8.41E-09  1.83E-22
    P         13     1567.17   63809.28     --        --     1.04E-08  2.26E-22
    P         14     1567.734  63786.32     --        --     1.29E-08  2.81E-22
    P         15     1568.333  63761.96     --        --     1.47E-08  3.20E-22
    P         16     1568.967  63736.2      --        --     1.71E-08  3.73E-22
    P         17     1569.636  63709.04     --        --     1.92E-08  4.19E-22
    P         18     1570.34   63680.49     --        --     2.08E-08  4.54E-22
    P         19     1571.078  63650.56     --        --     2.27E-08  4.96E-22
    P         20     1571.851  63619.24     --        --     2.46E-08  5.38E-22
    Q         3      1563.32   63966.43     --        --     1.36E-10  2.94E-24
    Q         4      1563.467  63960.4      --        --     6.29E-10  1.36E-23
    Q         5      1563.651  63952.87     --        --     1.65E-09  3.57E-23
    Q         6      1563.872  63943.86     --        --     2.84E-09  6.15E-23
    Q         7      1564.128  63933.38     --        --     4.95E-09  1.07E-22
    Q         8      1564.42   63921.44     --        --     8.04E-09  1.74E-22
    Q         9      1564.748  63908.04     --        --     1.13E-08  2.45E-22
    Q         10     1565.112  63893.19     --        --     1.48E-08  3.21E-22
    Q         11     1565.511  63876.91     --        --     1.91E-08  4.14E-22
    Q         12     1565.945  63859.21     --        --     2.35E-08  5.10E-22
    Q         13     1566.414  63840.09     --        --     2.88E-08  6.25E-22
    Q         14     1566.918  63819.56     --        --     3.27E-08  7.10E-22
    Q         15     1567.457  63797.62     --        --     3.77E-08  8.20E-22
    Q         16     1568.03   63774.29     --        --     4.21E-08  9.16E-22
    Q         17     1568.638  63749.56     --        --     4.55E-08  9.91E-22
    Q         18     1569.281  63723.45     --        --     4.93E-08  1.07E-21
    Q         19     1569.959  63695.95     --        --     5.32E-08  1.16E-21
    Q         20     1570.671  63667.07     --        --     5.70E-08  1.24E-21