    R         0      1569.751  63704.35  63704.45    0.10    5.09E-08  1.11E-21
    R         1      1569.785  63702.99  63703.23    0.24    2.38E-08  5.20E-22
    R         2      1569.850  63700.37  63700.54    0.17    1.80E-08  3.93E-22
    R         3      1569.946  63696.46  63696.61    0.15    1.57E-08  3.43E-22
    R         4      1570.074  63691.27  63691.41    0.14    1.43E-08  3.11E-22
    R         5      1570.234  63684.78  63684.89    0.11    1.33E-08  2.91E-22
    R         6      1570.426  63677.00  63677.07    0.07    1.25E-08  2.73E-22
    R         7      1570.650  63667.92  63668.01    0.09    1.19E-08  2.61E-22
    R         8      1570.906  63657.55  63657.63    0.08    1.14E-08  2.50E-22
    R         9      1571.194  63645.88  63645.95    0.07    1.06E-08  2.33E-22
    R         10     1571.514  63632.92  63632.95    0.03    1.03E-08  2.26E-22
    R         11     1571.866  63618.66     --        --     9.67E-09  2.11E-22
    R         12     1572.250  63603.10     --        --     9.54E-09  2.09E-22
    R         13     1572.667  63586.25     --        --     9.12E-09  2.00E-22
    R         14     1573.116  63568.10     --        --     8.57E-09  1.88E-22
    R         15     1573.598  63548.65     --        --     8.12E-09  1.78E-22
    R         16     1574.111  63527.91     --        --     7.77E-09  1.70E-22
    R         17     1574.658  63505.86     --        --     7.57E-09  1.66E-22
    R         18     1575.237  63482.52     --        --     6.97E-09  1.53E-22
    R         19     1575.848  63457.89     --        --     6.68E-09  1.47E-22
    R         20     1576.493  63431.95     --        --     6.46E-09  1.42E-22
    P         2      1570.036  63692.82  63692.33   -0.49    5.09E-09  1.11E-22
    P         3      1570.259  63683.76  63683.83    0.07    6.81E-09  1.49E-22
    P         4      1570.513  63673.45  63673.52    0.07    7.49E-09  1.64E-22
    P         5      1570.799  63661.86  63661.92    0.06    8.01E-09  1.75E-22
    P         6      1571.117  63648.98  63649.11    0.13    8.22E-09  1.80E-22
    P         7      1571.467  63634.81  63634.88    0.07    8.37E-09  1.83E-22
    P         8      1571.849  63619.34  63619.11   -0.23    8.36E-09  1.83E-22
    P         9      1572.263  63602.58     --        --     8.36E-09  1.83E-22
    P         10     1572.709  63584.53  63584.44   -0.09    8.31E-09  1.82E-22
    P         11     1573.188  63565.19  63565.35    0.16    7.98E-09  1.75E-22
    P         12     1573.699  63544.55  63544.64    0.09    7.93E-09  1.74E-22
    P         13     1574.242  63522.63  63522.72    0.09    7.58E-09  1.66E-22
    P         14     1574.818  63499.40  63499.60    0.20    7.61E-09  1.67E-22
    P         15     1575.426  63474.89  63474.90    0.01    7.39E-09  1.62E-22
    P         16     1576.067  63449.08  63449.14    0.06    7.04E-09  1.55E-22
    P         17     1576.740  63421.98  63421.94   -0.04    6.74E-09  1.48E-22
    P         18     1577.447  63393.59  63393.63    0.04    6.52E-09  1.43E-22
    P         19     1578.185  63363.91     --        --     6.41E-09  1.41E-22
    P         20     1578.957  63332.93     --        --     5.95E-09  1.31E-22
    R         0      1569.571  63711.69  63711.80    0.11    3.63E-08  7.92E-22
    R         1      1569.475  63715.56  63715.65    0.09    2.01E-08  4.38E-22
    R         2      1569.413  63718.10 63718.14     0.04    1.67E-08  3.63E-22
    R         3      1569.383  63719.33 63719.45     0.12    1.49E-08  3.26E-22
    R         4      1569.384  63719.25 63719.45     0.20    1.42E-08  3.10E-22
    R         5      1569.418  63717.87 63718.14     0.27    1.36E-08  2.95E-22
    R         6      1569.484  63715.20  63715.41    0.21    1.33E-08  2.91E-22
    R         7      1569.582  63711.22  63711.43    0.21    1.28E-08  2.78E-22
    R         8      1569.712  63705.95  63706.00    0.05    1.23E-08  2.69E-22
    R         9      1569.874  63699.37  63699.72    0.35    1.20E-08  2.62E-22
    R         10     1570.068  63691.50  63691.63    0.13    1.16E-08  2.52E-22
    R         11     1570.294  63682.32  63682.31   -0.01    1.14E-08  2.48E-22
    R         12     1570.553  63671.85  63671.58   -0.27    1.11E-08  2.42E-22
    R         13     1570.843  63660.07     --        --     1.08E-08  2.36E-22
    R         14     1571.166  63646.99  63646.36   -0.63    1.04E-08  2.28E-22
    R         15     1571.521  63632.61     --        --     1.03E-08  2.25E-22
    R         16     1571.909  63616.93  63616.78   -0.15    9.96E-09  2.18E-22
    R         17     1572.329  63599.94  63600.03    0.09    9.39E-09  2.05E-22
    R         18     1572.781  63581.65     --        --     9.14E-09  2.00E-22
    R         19     1573.266  63562.05     --        --     8.88E-09  1.95E-22
    R         20     1573.783  63541.15     --        --     8.53E-09  1.87E-22
    P         2      1569.855  63700.16     --        --     3.63E-09  7.92E-23
    P         3      1569.949  63696.34     --        --     5.73E-09  1.25E-22
    P         4      1570.076  63691.19     --        --     6.94E-09  1.51E-22
    P         5      1570.235  63684.72     --        --     7.60E-09  1.66E-22
    P         6      1570.427  63676.96     --        --     8.21E-09  1.79E-22
    P         7      1570.650  63667.90     --        --     8.51E-09  1.86E-22
    P         8      1570.906  63657.54     --        --     8.91E-09  1.95E-22
    P         9      1571.193  63645.89     --        --     8.93E-09  1.95E-22
    P         10     1571.513  63632.94     --        --     8.97E-09  1.96E-22
    P         11     1571.865  63618.69     --        --     8.99E-09  1.96E-22
    P         12     1572.249  63603.14     --        --     8.88E-09  1.94E-22
    P         13     1572.666  63586.29     --        --     8.90E-09  1.95E-22
    P         14     1573.115  63568.15     --        --     8.86E-09  1.94E-22
    P         15     1573.596  63548.72     --        --     8.74E-09  1.92E-22
    P         16     1574.110  63527.98     --        --     8.57E-09  1.88E-22
    P         17     1574.656  63505.94     --        --     8.54E-09  1.87E-22
    P         18     1575.234  63482.61     --        --     8.36E-09  1.84E-22
    P         19     1575.846  63457.98     --        --     7.94E-09  1.75E-22
    P         20     1576.490  63432.05     --        --     7.80E-09  1.72E-22
    Q         1      1569.772  63703.52  63703.50   -0.02    4.38E-08  9.55E-22
    Q         2      1569.836  63700.93  63700.94    0.01    4.38E-08  9.55E-22
    Q         3      1569.932  63697.04  63697.05    0.01    4.38E-08  9.55E-22
    Q         4      1570.059  63691.86  63691.86    0.00    4.36E-08  9.50E-22
    Q         5      1570.219  63685.38  63685.32   -0.06    4.26E-08  9.30E-22
    Q         6      1570.411  63677.61  63677.56   -0.05    4.24E-08  9.25E-22
    Q         7      1570.635  63668.53  63668.54    0.01    4.17E-08  9.10E-22
    Q         8      1570.890  63658.17  63658.10   -0.07    4.10E-08  8.95E-22
    Q         9      1571.178  63646.51  63646.49   -0.02    4.03E-08  8.80E-22
    Q         10     1571.498  63633.55  63633.55    0.00    3.89E-08  8.50E-22
    Q         11     1571.850  63619.29  63619.34    0.05    3.82E-08  8.35E-22
    Q         12     1572.235  63603.74  63603.82    0.08    3.75E-08  8.20E-22
    Q         13     1572.651  63586.89  63586.65   -0.24    3.66E-08  8.00E-22
    Q         14     1573.100  63568.75  63568.48   -0.27    3.52E-08  7.70E-22
    Q         15     1573.581  63549.30  63548.89   -0.41    3.42E-08  7.50E-22
    Q         16     1574.095  63528.56  63528.35   -0.21    3.35E-08  7.35E-22
    Q         17     1574.641  63506.52  63506.36   -0.16    3.24E-08  7.10E-22
    Q         18     1575.220  63483.19  63482.91   -0.28    3.14E-08  6.90E-22
    Q         19     1575.832  63458.55  63458.32   -0.23    2.96E-08  6.50E-22
    Q         20     1576.476  63432.62  63432.52   -0.10    2.84E-08  6.25E-22