    R         0      1577.74   63381.79     --        --     6.11E-07  1.35E-20
    R         1      1577.715  63382.8      --        --     3.04E-07  6.70E-21
    R         2      1577.725  63382.4  63382.33    -0.07    2.42E-07  5.34E-21
    R         3      1577.77   63380.58  63380.43   -0.15    2.16E-07  4.77E-21
    R         4      1577.851  63377.34  63377.23   -0.11    2.01E-07  4.44E-21
    R         5      1577.967  63372.69  63372.65   -0.04    1.91E-07  4.20E-21
    R         6      1578.118  63366.62  63366.59   -0.03    1.83E-07  4.04E-21
    R         7      1578.305  63359.13  63359.18    0.05    1.78E-07  3.92E-21
    R         8      1578.526  63350.22  63350.27    0.05    1.73E-07  3.82E-21
    R         9      1578.784  63339.9    63340      0.1     1.70E-07  3.75E-21
    R         10     1579.076  63328.16  63328.2     0.04    1.66E-07  3.67E-21
    R         11     1579.404   63315    63314.99   -0.01    1.63E-07  3.59E-21
    R         12     1579.768  63300.43  63300.38   -0.05    1.60E-07  3.54E-21
    R         13     1580.167  63284.43  63284.41   -0.02    1.57E-07  3.47E-21
    R         14     1580.602  63267.02  63267.03    0.01    1.54E-07  3.41E-21
    R         15     1581.073  63248.19  63248.11   -0.08    1.52E-07  3.36E-21
    R         16     1581.579  63227.94  63227.83   -0.11    1.49E-07  3.30E-21
    R         17     1582.122  63206.27  63206.05   -0.22    1.46E-07  3.23E-21
    R         18      1582.7   63183.18  63183.1    -0.08    1.44E-07  3.18E-21
    R         19     1583.314  63158.67  63158.45   -0.22    1.41E-07  3.13E-21
    R         20     1583.964  63132.75  63132.78    0.03    1.38E-07  3.06E-21
    P         2      1578.027  63370.25     --        --     6.10E-08  1.34E-21
    P         3      1578.194  63363.58  63363.58     0      8.68E-08  1.91E-21
    P         4      1578.395  63355.48  63355.63    0.15    1.01E-07  2.23E-21
    P         5      1578.632  63345.98  63346.23    0.25    1.10E-07  2.43E-21
    P         6      1578.905  63335.05  63335.16    0.11    1.16E-07  2.56E-21
    P         7      1579.212  63322.71  63322.77    0.06    1.20E-07  2.64E-21
    P         8      1579.555  63308.96  63308.99    0.03    1.23E-07  2.71E-21
    P         9      1579.934  63293.79  63293.86    0.07    1.24E-07  2.75E-21
    P         10     1580.348  63277.21  63277.15   -0.06    1.26E-07  2.79E-21
    P         11     1580.797  63259.21  63259.3     0.09    1.27E-07  2.82E-21
    P         12     1581.283  63239.8   63239.69   -0.11    1.28E-07  2.83E-21
    P         13     1581.804  63218.97  63218.94   -0.03    1.27E-07  2.82E-21
    P         14     1582.36   63196.73  63196.76    0.03    1.28E-07  2.83E-21
    P         15     1582.953  63173.08  63173.07   -0.01    1.27E-07  2.82E-21
    P         16     1583.581  63148.01  63148.04    0.03    1.26E-07  2.81E-21
    P         17     1584.246  63121.52  63121.39   -0.13    1.26E-07  2.80E-21
    P         18     1584.946  63093.63  63093.72    0.09    1.25E-07  2.78E-21
    P         19     1585.683  63064.31  63064.05   -0.26    1.24E-07  2.75E-21
    P         20     1586.456  63033.59     --        --     1.22E-07  2.73E-21
    Q         1      1577.881  63376.14  63376.2     0.06    2.40E-07  5.29E-21
    Q         2      1578.007  63371.08  63370.85   -0.23    2.09E-07  4.59E-21
    Q         3      1578.171  63364.5   63364.29   -0.21    1.93E-07  4.25E-21
    Q         4      1578.371  63356.46  63356.29   -0.17    1.83E-07  4.04E-21
    Q         5      1578.607  63346.99  63346.78   -0.21    1.75E-07  3.87E-21
    Q         6      1578.879  63336.09  63335.87   -0.22    1.70E-07  3.76E-21
    Q         7      1579.186  63323.77  63323.5    -0.27    1.65E-07  3.64E-21
    Q         8      1579.528  63310.03  63309.77   -0.26    1.63E-07  3.60E-21
    Q         9      1579.907  63294.88  63294.62   -0.26    1.60E-07  3.54E-21
    Q         10     1580.32   63278.3   63278.01   -0.29    1.56E-07  3.45E-21
    Q         11     1580.77   63260.32  63260.11   -0.21    1.53E-07  3.37E-21
    Q         12     1581.255  63240.91  63240.75   -0.16    1.51E-07  3.35E-21
    Q         13     1581.776  63220.09  63219.85   -0.24    1.48E-07  3.28E-21
    Q         14     1582.332  63197.85  63197.67   -0.18    1.46E-07  3.24E-21
    Q         15     1582.925  63174.2   63173.94   -0.26    1.43E-07  3.16E-21
    Q         16     1583.553  63149.14  63148.98   -0.16    1.42E-07  3.15E-21
    Q         17     1584.217  63122.66  63122.35   -0.31    1.39E-07  3.09E-21
    Q         18     1584.918  63094.77  63094.58   -0.19    1.36E-07  3.02E-21
    Q         19     1585.654  63065.46  63065.21   -0.25    1.33E-07  2.97E-21
    Q         20     1586.427  63034.73  63034.21   -0.52    1.31E-07  2.92E-21
    Q         1      1577.673  63384.5  63384.15    -0.35    6.61E-08  1.45E-21
    Q         2      1577.688  63383.9  63384.15     0.25    9.65E-08  2.12E-21
    Q         3      1577.735  63381.98 63382.33     0.35    1.13E-07  2.48E-21
    Q         4      1577.817  63378.69  63378.73    0.04    1.21E-07  2.65E-21
    Q         5      1577.934  63374.01  63373.93   -0.08    1.26E-07  2.77E-21
    Q         6      1578.086  63367.91  63367.91     0      1.29E-07  2.84E-21
    Q         7      1578.273  63360.41  63360.36   -0.05    1.34E-07  2.95E-21
    Q         8      1578.495  63351.49  63351.44   -0.05    1.35E-07  2.97E-21
    Q         9      1578.752  63341.15  63341.1    -0.05    1.36E-07  2.99E-21
    Q         10     1579.045  63329.41  63329.41     0      1.36E-07  3.00E-21
    Q         11     1579.374  63316.24  63316.27    0.03    1.37E-07  3.02E-21
    Q         12     1579.737  63301.66  63301.66     0      1.36E-07  3.01E-21
    Q         13     1580.137  63285.66  63285.61   -0.05    1.37E-07  3.02E-21
    Q         14     1580.572  63268.24  63268.15   -0.09    1.36E-07  3.00E-21
    Q         15     1581.043  63249.41  63249.35   -0.06    1.36E-07  3.00E-21
    Q         16     1581.549  63229.15  63229.19    0.04    1.35E-07  2.99E-21
    Q         17     1582.091  63207.48  63207.54    0.06    1.34E-07  2.97E-21
    Q         18     1582.669  63184.39  63184.35   -0.04    1.33E-07  2.94E-21
    Q         19     1583.284  63159.88  63160.09    0.21    1.31E-07  2.91E-21
    Q         20     1583.934  63133.94  63134.14    0.2     1.30E-07  2.90E-21