    R         0      1588.697  62944.66 62944.53    -0.13    3.65E-07  8.15E-21
    R         1      1588.656  62946.29 62946.25    -0.04    1.79E-07  4.00E-21
    R         2      1588.643  62946.8   62946.8      0      1.41E-07  3.15E-21
    R         3      1588.658  62946.21 62946.25     0.04    1.22E-07  2.73E-21
    R         4      1588.702  62944.48 62944.53     0.05    1.11E-07  2.48E-21
    R         5      1588.773  62941.63  62941.63     0      1.03E-07  2.29E-21
    R         6      1588.874  62937.67  62937.7     0.03    9.52E-08  2.13E-21
    R         7      1589.001  62932.6   62932.62    0.02    8.94E-08  2.00E-21
    R         8      1589.157  62926.46  62926.46     0      8.39E-08  1.88E-21
    R         9      1589.337  62919.3   62919.3      0      7.89E-08  1.76E-21
    R         10     1589.541  62911.24  62911.23   -0.01    7.46E-08  1.67E-21
    R         11     1589.763  62902.48  62902.35   -0.13    7.08E-08  1.58E-21
    R         12     1589.993  62893.34  62893.36    0.02    6.67E-08  1.49E-21
    R         13     1590.224  62884.23  62884.3     0.07    6.33E-08  1.42E-21
    R         14     1590.449  62875.32  62875.39    0.07    5.98E-08  1.34E-21
    R         15     1590.774  62862.49 62862.81     0.32    5.71E-08  1.28E-21
    R         16     1591.063  62851.06 62851.24     0.18    5.39E-08  1.21E-21
    R         17     1591.141   62848       --        --     5.17E-08  1.16E-21
    R         18     1591.394  62837.97     --        --     4.95E-08  1.11E-21
    R         19     1591.665  62827.29     --        --     4.69E-08  1.05E-21
    R         20     1592.129  62808.99     --        --     4.50E-08  1.01E-21
    P         2      1588.988  62933.12  62933.03   -0.09    3.65E-08  8.15E-22
    P         3      1589.141  62927.06  62927.05   -0.01    5.11E-08  1.14E-21
    P         4      1589.323  62919.88  62919.88     0      5.87E-08  1.31E-21
    P         5      1589.532  62911.6   62911.5     -0.1    6.22E-08  1.39E-21
    P         6      1589.77   62902.19  62902.18   -0.01    6.40E-08  1.43E-21
    P         7      1590.036  62891.66 62891.80     0.14    6.44E-08  1.44E-21
    P         8      1590.33   62880.02  62879.98   -0.04    6.36E-08  1.42E-21
    P         9      1590.653  62867.27  62867.29    0.02    6.26E-08  1.40E-21
    P         10     1591.003  62853.45  62853.46    0.01    6.10E-08  1.37E-21
    P         11     1591.378  62838.61  62838.63    0.02    5.91E-08  1.32E-21
    P         12     1591.777  62822.88  62822.82   -0.06    5.73E-08  1.28E-21
    P         13     1592.193  62806.44  62806.49    0.05    5.55E-08  1.24E-21
    P         14     1592.619  62789.65  62789.68    0.03    5.32E-08  1.19E-21
    P         15     1593.045  62772.87  62772.89    0.02    5.13E-08  1.15E-21
    P         16     1593.465  62756.31  62756.48    0.17    4.91E-08  1.10E-21
    P         17     1593.884  62738.83     --        --     4.74E-08  1.07E-21
    P         18     1594.318  62722.75     --        --     4.52E-08  1.02E-21
    P         19     1594.743  62706.04     --        --     4.38E-08  9.87E-22
    P         20     1595.192  62688.38     --        --     4.22E-08  9.52E-22
    Q         1      1588.794  62940.81  62940.83    0.02    1.82E-07  4.08E-21
    Q         2      1588.85   62938.6   62938.59   -0.01    1.79E-07  4.00E-21
    Q         3      1588.934  62935.26 62935.28     0.02    1.76E-07  3.93E-21
    Q         4      1589.046  62930.83  62930.83     0      1.71E-07  3.82E-21
    Q         5      1589.187  62925.26  62925.29    0.03    1.67E-07  3.72E-21
    Q         6      1589.356  62918.57  62918.59    0.02    1.61E-07  3.60E-21
    Q         7      1589.553  62910.76  62910.81    0.05    1.55E-07  3.46E-21
    Q         8      1589.778  62901.86  62901.92    0.06    1.49E-07  3.33E-21
    Q         9      1590.031  62891.87 62891.80    -0.07    1.42E-07  3.19E-21
    Q         10     1590.309  62880.88  62880.89    0.01    1.36E-07  3.04E-21
    Q         11     1590.61   62868.98 62869.05     0.07    1.30E-07  2.92E-21
    Q         12     1590.928  62856.38  62856.42    0.04    1.25E-07  2.80E-21
    Q         13     1591.257  62843.41 62843.49     0.08    1.19E-07  2.66E-21
    Q         14     1591.585  62830.46  62830.52    0.06    1.14E-07  2.55E-21
    Q         15     1591.907  62817.73  62817.83    0.1     1.08E-07  2.43E-21
    Q         16     1592.228  62805.07     --        --     1.04E-07  2.33E-21
    Q         17     1592.564  62791.82     --        --     9.87E-08  2.22E-21
    Q         18     1592.891  62778.93     --        --     9.51E-08  2.14E-21
    Q         19     1593.243  62765.08     --        --     9.14E-08  2.06E-21
    Q         20     1593.611  62750.58     --        --     8.69E-08  1.96E-21
    R         1      1589.468  62914.11     --        --     2.05E-09  4.58E-23
    R         2      1589.47   62914.05     --        --     3.97E-09  8.88E-23
    R         3      1589.475  62913.84     --        --     6.16E-09  1.38E-22
    R         4      1589.544  62911.12     --        --     8.58E-09  1.92E-22
    R         5      1589.622  62908.05  62908.1     0.05    1.09E-08  2.45E-22
    R         6      1589.718  62904.24  62904.21   -0.03    1.33E-08  2.97E-22
    R         7      1589.823  62900.09  62899.94   -0.15    1.57E-08  3.52E-22
    R         8      1589.937  62895.57  62895.56   -0.01    1.75E-08  3.92E-22
    R         9      1590.054  62890.93 62890.98     0.05    1.93E-08  4.33E-22
    R         10     1590.184  62885.79  62885.85    0.06    2.10E-08  4.71E-22
    R         11     1590.338  62879.71 62879.98     0.27    2.23E-08  5.00E-22
    R         12     1590.528  62872.2   62872.22    0.02    2.36E-08  5.29E-22
    R         13     1590.766  62862.8  62862.81     0.01    2.48E-08  5.55E-22
    R         14     1591.059  62851.23  62851.24    0.01    2.55E-08  5.73E-22
    R         15     1591.404  62837.6   62837.62    0.03    2.64E-08  5.92E-22
    R         16     1591.795  62822.14 62822.34     0.2     2.68E-08  6.02E-22
    R         17     1592.228  62805.07  62805.13    0.06    2.71E-08  6.10E-22
    R         18     1592.699  62786.52  62786.42    -0.1    2.78E-08  6.25E-22
    R         19     1593.205  62766.57     --        --     2.78E-08  6.24E-22
    R         20     1593.725  62746.09     --        --     2.74E-08  6.18E-22
    P         3      1589.954  62894.89     --        --     5.85E-10  1.31E-23
    P         4      1590.15   62887.14     --        --     1.65E-09  3.70E-23
    P         5      1590.35   62879.24     --        --     3.13E-09  7.02E-23
    P         6      1590.613  62868.84     --        --     4.94E-09  1.11E-22
    P         7      1590.885  62858.08     --        --     6.87E-09  1.54E-22
    P         8      1591.176  62846.58  62846.55   -0.03    8.86E-09  1.98E-22
    P         9      1591.476  62834.76  62834.51   -0.25    1.10E-08  2.47E-22
    P         10     1591.785  62822.56 62822.34    -0.22    1.27E-08  2.85E-22
    P         11     1592.097  62810.25  62810.21   -0.04    1.45E-08  3.25E-22
    P         12     1592.422  62797.43  62797.45    0.02    1.62E-08  3.63E-22
    P         13     1592.771  62783.68  62783.72    0.04    1.75E-08  3.93E-22
    P         14     1593.156  62768.51  62768.53    0.02    1.89E-08  4.24E-22
    P         15     1593.589  62751.44  62751.49    0.05    2.01E-08  4.51E-22
    P         16     1594.077  62732.21  62732.23    0.02    2.10E-08  4.72E-22
    P         17     1594.618  62710.93  62710.89   -0.04    2.19E-08  4.93E-22
    P         18     1595.206  62687.83  62687.79   -0.04    2.25E-08  5.07E-22
    P         19     1595.835  62663.12     --        --     2.30E-08  5.18E-22
    P         20     1596.502  62636.93     --        --     2.37E-08  5.36E-22
    Q         2      1589.663  62906.42     --        --     2.05E-09  4.58E-23
    Q         3      1589.761  62902.52     --        --     4.96E-09  1.11E-22
    Q         4      1589.864  62898.46  62897.9    -0.56    8.62E-09  1.93E-22
    Q         5      1590.03   62891.9  62891.80     -0.1    1.29E-08  2.88E-22
    Q         6      1590.205  62884.98  62884.9    -0.08    1.72E-08  3.85E-22
    Q         7      1590.398  62877.33  62877.33     0      2.15E-08  4.82E-22
    Q         8       1590.6   62869.35  62869.05   -0.29    2.62E-08  5.86E-22
    Q         9      1590.812  62860.98  62860.98     0      2.97E-08  6.66E-22
    Q         10     1591.026  62852.51  62852.56    0.05    3.34E-08  7.47E-22
    Q         11     1591.254  62843.53 62843.49    -0.04    3.68E-08  8.25E-22
    Q         12     1591.505  62833.61  62833.67    0.06    3.94E-08  8.84E-22
    Q         13     1591.792  62822.27 62822.34     0.07    4.21E-08  9.45E-22
    Q         14     1592.128  62809.03  62809.09    0.06    4.45E-08  9.99E-22
    Q         15     1592.518  62793.64  62793.65    0.01    4.62E-08  1.04E-21
    Q         16     1592.961  62776.17  62776.2     0.03    4.80E-08  1.08E-21
    Q         17     1593.45   62756.9   62756.91    0.01    4.90E-08  1.10E-21
    Q         18     1593.981  62736.01 62735.94    -0.07    4.99E-08  1.12E-21
    Q         19     1594.55   62713.63  62713.63     0      5.13E-08  1.16E-21
    Q         20     1595.154  62689.86  62689.86     0      5.14E-08  1.16E-21
    R         2      1590.132  62887.86     --        --     3.90E-11  8.73E-25
    R         3      1590.192  62885.5      --        --     1.17E-10  2.62E-24
    R         4      1590.289  62881.65     --        --     2.56E-10  5.73E-24
    R         5      1590.424  62876.32     --        --     4.82E-10  1.08E-23
    R         6      1590.596  62869.53     --        --     7.15E-10  1.60E-23
    R         7      1590.804  62861.31     --        --     9.58E-10  2.14E-23
    R         8      1591.048  62851.67     --        --     1.35E-09  3.03E-23
    R         9      1591.327  62840.62     --        --     1.74E-09  3.89E-23
    R         10     1591.642  62828.19     --        --     2.10E-09  4.72E-23
    R         11     1591.992  62814.37     --        --     2.46E-09  5.53E-23
    R         12     1592.377  62799.19     --        --     2.71E-09  6.09E-23
    R         13     1592.797  62782.64     --        --     3.13E-09  7.03E-23
    R         14     1593.251  62764.74     --        --     3.45E-09  7.75E-23
    R         15     1593.74   62745.48     --        --     3.73E-09  8.39E-23
    R         16     1594.264  62724.88     --        --     4.03E-09  9.07E-23
    R         17     1594.822  62702.93     --        --     4.27E-09  9.61E-23
    R         18     1595.414  62679.65     --        --     4.49E-09  1.01E-22
    R         19     1596.041  62655.03     --        --     4.66E-09  1.05E-22
    R         20     1596.702  62629.08     --        --     5.01E-09  1.13E-22
    P         4      1590.813  62860.95     --        --     1.62E-11  3.64E-25
    P         5      1591.067  62850.9      --        --     5.95E-11  1.33E-24
    P         6      1591.359  62839.36     --        --     1.48E-10  3.31E-24
    P         7      1591.689  62826.35     --        --     3.03E-10  6.79E-24
    P         8      1592.056  62811.88     --        --     4.77E-10  1.07E-23
    P         9      1592.459  62795.97     --        --     6.71E-10  1.51E-23
    P         10     1592.898  62778.65     --        --     9.84E-10  2.21E-23
    P         11     1593.373  62759.93     --        --     1.30E-09  2.92E-23
    P         12     1593.884  62739.83     --        --     1.62E-09  3.63E-23
    P         13     1594.43   62718.34     --        --     1.93E-09  4.34E-23
    P         14     1595.011  62695.49     --        --     2.16E-09  4.87E-23
    P         15     1595.627  62671.29     --        --     2.53E-09  5.71E-23
    P         16     1596.278  62645.72     --        --     2.83E-09  6.38E-23
    P         17     1596.964  62618.81     --        --     3.10E-09  6.99E-23
    P         18     1597.685  62590.57     --        --     3.38E-09  7.64E-23
    P         19     1598.44   62560.98     --        --     3.61E-09  8.17E-23
    P         20     1599.231  62530.06     --        --     3.83E-09  8.66E-23
    Q         2      1590.424  62876.32     --        --     4.87E-11  1.09E-24
    Q         3      1590.58   62870.13     --        --     1.64E-10  3.66E-24
    Q         4      1590.775  62862.43     --        --     3.84E-10  8.60E-24
    Q         5      1591.008  62853.25     --        --     7.57E-10  1.70E-23
    Q         6      1591.276  62842.63     --        --     1.16E-09  2.60E-23
    Q         7      1591.582  62830.56     --        --     1.59E-09  3.57E-23
    Q         8      1591.924  62817.08     --        --     2.30E-09  5.16E-23
    Q         9      1592.301  62802.2      --        --     3.00E-09  6.72E-23
    Q         10     1592.714  62785.93     --        --     3.68E-09  8.26E-23
    Q         11     1593.162  62768.27     --        --     4.35E-09  9.78E-23
    Q         12     1593.644  62749.26     --        --     4.84E-09  1.09E-22
    Q         13     1594.162  62728.88     --        --     5.62E-09  1.26E-22
    Q         14     1594.715  62707.14     --        --     6.24E-09  1.40E-22
    Q         15     1595.302  62684.06     --        --     6.79E-09  1.53E-22
    Q         16     1595.924  62659.63     --        --     7.37E-09  1.66E-22
    Q         17     1596.58   62633.87     --        --     7.85E-09  1.77E-22
    Q         18     1597.272  62606.76     --        --     8.28E-09  1.87E-22
    Q         19     1597.997  62578.33     --        --     8.64E-09  1.95E-22
    Q         20     1598.758  62548.56     --        --     9.32E-09  2.11E-22