    R         0      1605.237  62290.1      --        --     2.83E-07  6.45E-21
    R         1      1605.212  62297.17  62297.08   -0.09    1.41E-07  3.22E-21
    R         2      1605.217  62296.86  62297.08    0.22    1.13E-07  2.58E-21
    R         3      1605.261  62295.17  62294.98   -0.19    1.01E-07  2.30E-21
    R         4      1605.34   62292.1   62292.06   -0.04    9.30E-08  2.12E-21
    R         5      1605.455  62287.64  62287.43   -0.21    8.83E-08  2.01E-21
    R         6      1605.606  62281.79  62281.80    0.01    8.54E-08  1.95E-21
    R         7      1605.792  62274.57  62274.60    0.03    8.32E-08  1.90E-21
    R         8      1606.014  62265.95  62265.97    0.02    8.12E-08  1.85E-21
    R         9      1606.272  62255.96  62256.00    0.04    7.94E-08  1.81E-21
    R         10     1606.566  62244.57  62244.62    0.05    7.79E-08  1.78E-21
    R         11     1606.895  62231.8   62231.85    0.05    7.68E-08  1.76E-21
    R         12     1607.261  62217.64  62217.64     0      7.56E-08  1.73E-21
    R         13     1607.663  62202.1   62202.08   -0.02    7.46E-08  1.71E-21
    R         14      1608.1   62185.17  62185.20   -0.03    7.33E-08  1.68E-21
    R         15     1608.574  62166.86  62166.86     0      7.26E-08  1.66E-21
    R         16     1609.084  62147.15  62147.19    0.04    7.13E-08  1.63E-21
    R         17     1609.631  62126.06  62126.10    0.04    7.09E-08  1.63E-21
    R         18     1610.213  62103.58  62103.64    0.08    6.96E-08  1.60E-21
    R         19     1610.832  62079.71  62079.77    0.06    6.94E-08  1.59E-21
    R         20     1611.488  62054.45  62054.52    0.07    6.78E-08  1.56E-21
    P         2      1605.535  62284.55  62284.51   -0.04    2.83E-08  6.45E-22
    P         3      1605.705  62277.94  62277.92   -0.02    4.04E-08  9.21E-22
    P         4      1605.911  62269.95  62269.96    0.01    4.71E-08  1.08E-21
    P         5      1606.153  62260.57  62260.61    0.04    5.14E-08  1.17E-21
    P         6      1606.431  62249.81  62249.83    0.02    5.36E-08  1.22E-21
    P         7      1606.744  62237.67  62237.67     0      5.54E-08  1.27E-21
    P         8      1607.093  62224.14  62224.11   -0.03    5.70E-08  1.30E-21
    P         9      1607.478  62209.23  62209.27    0.04    5.83E-08  1.33E-21
    P         10      1607.9   62192.94  62192.90   -0.04    5.90E-08  1.35E-21
    P         11     1608.357  62175.27  62175.22   -0.05    5.94E-08  1.36E-21
    P         12     1608.85   62156.21  62156.19   -0.02    5.98E-08  1.37E-21
    P         13     1609.379  62135.77  62135.76   -0.01    6.02E-08  1.38E-21
    P         14     1609.944  62113.95  62113.89   -0.06    6.03E-08  1.38E-21
    P         15     1610.546  62090.75  62090.72   -0.03    6.04E-08  1.39E-21
    P         16     1611.184  62066.16  62066.12   -0.04    6.01E-08  1.38E-21
    P         17     1611.858  62040.19  62040.16   -0.03    6.02E-08  1.39E-21
    P         18     1612.569  62012.84  62012.83   -0.01    5.98E-08  1.38E-21
    P         19     1613.317  61984.1   61984.06   -0.04    6.00E-08  1.38E-21
    P         20     1614.101  61953.98  61953.97   -0.01    5.94E-08  1.37E-21
    Q         1      1605.384  62290.41  62290.85    0.44    1.11E-07  2.54E-21
    Q         2      1605.513  62285.38  62285.51    0.13    9.60E-08  2.19E-21
    Q         3      1605.681  62278.86  62278.92    0.06    8.85E-08  2.02E-21
    Q         4      1605.886  62270.91  62270.96    0.05    8.52E-08  1.95E-21
    Q         5      1606.127  62261.57  62261.61    0.04    8.19E-08  1.87E-21
    Q         6      1606.404  62250.83  62250.83     0      7.99E-08  1.83E-21
    Q         7      1606.717  62238.7   62238.67   -0.03    7.75E-08  1.19E-21
    Q         8      1607.066  62225.18  62225.11   -0.07    7.63E-08  1.74E-21
    Q         9      1607.451  62210.28  62210.27   -0.01    7.57E-08  1.73E-21
    Q         10     1607.872   62194    62193.90    -0.1    7.34E-08  1.68E-21
    Q         11     1608.329  62176.33  62176.16   -0.17    7.23E-08  1.66E-21
    Q         12     1608.822  62157.27  62157.11   -0.16    7.16E-08  1.64E-21
    Q         13     1609.351  62136.84  62136.65   -0.19    7.05E-08  1.62E-21
    Q         14     1609.917  62115.02  62114.90   -0.12    7.04E-08  1.62E-21
    Q         15     1610.518  62091.82  62091.74   -0.08    6.99E-08  1.61E-21
    Q         16     1611.156  62067.23  62067.11   -0.12    6.79E-08  1.56E-21
    Q         17     1611.831  62041.26  62041.13   -0.13    6.74E-08  1.55E-21
    Q         18     1612.542  62013.91  62013.81    -0.1    6.63E-08  1.53E-21
    Q         19     1613.289  61985.17  61985.08   -0.09    6.53E-08  1.51E-21
    Q         20     1614.073  61955.05  61955.04   -0.01    6.53E-08  1.51E-21
    Q         1      1605.165  62298.88  62298.63   -0.25    3.09E-08  7.05E-22
    Q         2      1605.178  62298.37 62298.63     0.26    4.47E-08  1.02E-21
    Q         3      1605.224  62296.59     --        --     5.20E-08  1.00E+00
    Q         4      1605.305  62293.47  62293.49    0.02    5.66E-08  1.29E-21
    Q         5      1605.42   62288.98  62288.94   -0.04    5.83E-08  1.33E-21
    Q         6      1605.572  62283.12  62283.07   -0.05    6.07E-08  1.39E-21
    Q         7      1605.758  62275.87  62275.87     0      6.20E-08  1.42E-21
    Q         8      1605.981  62267.25  62267.26    0.01    6.29E-08  1.44E-21
    Q         9      1606.239  62257.25  62257.27    0.02    6.26E-08  1.43E-21
    Q         10     1606.533  62245.86  62245.89    0.03    6.35E-08  1.45E-21
    Q         11     1606.862  62233.09  62233.15    0.06    6.35E-08  1.45E-21
    Q         12     1607.228  62218.93  62218.97    0.04    6.41E-08  1.47E-21
    Q         13     1607.63   62203.38 62203.08     -0.3    6.49E-08  1.48E-21
    Q         14     1608.067  62186.45  62186.52    0.07    6.45E-08  1.48E-21
    Q         15     1608.541  62168.13  62168.19    0.06    6.44E-08  1.48E-21
    Q         16     1609.051  62148.43  62148.57    0.14    6.39E-08  1.47E-21
    Q         17     1609.597  62127.34  62127.48    0.14    6.39E-08  1.47E-21
    Q         18     1610.18   62104.86  62105.04    0.18    6.36E-08  1.46E-21
    Q         19     1610.799  62080.99  62081.14    0.15    6.27E-08  1.44E-21
    Q         20     1611.455  62055.73  62055.90    0.17    6.27E-08  1.44E-21