    R         0      1617.795  61812.51  61812.5    -0.01    3.98E-08  9.21E-22
    R         1      1617.752  61814.16 61814.41     0.25    1.96E-08  4.54E-22
    R         2      1617.738  61814.71 61814.41     -0.3    1.54E-08  3.58E-22
    R         3      1617.753  61814.14 61814.41     0.27    1.35E-08  3.13E-22
    R         4      1617.797  61812.46 61812.50     0.04    1.25E-08  2.89E-22
    R         5      1617.871  61809.64  61809.6    -0.04    1.12E-08  2.60E-22
    R         6      1617.974  61805.68  61805.79    0.11    1.11E-08  2.58E-22
    R         7      1618.108  61800.57 61800.71     0.14    1.04E-08  2.41E-22
    R         8      1618.272  61794.3   61794.39    0.09    9.73E-09  2.26E-22
    R         9      1618.467  61786.85 61786.72    -0.13    9.15E-09  2.12E-22
    R         10     1618.694  61778.21 61778.60     0.39    8.96E-09  2.08E-22
    R         11     1618.951  61768.39 61768.50     0.11    8.49E-09  1.97E-22
    R         12     1619.24   61757.36 61757.39     0.03    8.02E-09  1.86E-22
    R         13     1619.561  61745.11  61745.15    0.04    7.69E-09  1.79E-22
    R         14     1619.914  61731.65  61731.57   -0.08    7.41E-09  1.72E-22
    R         15      1620.3   61716.97  61716.95   -0.02    6.89E-09  1.60E-22
    R         16     1620.718  61701.06  61701.06     0      6.71E-09  1.56E-22
    R         17     1621.168  61683.91  61683.89   -0.02    6.55E-09  1.52E-22
    R         18     1621.652  61665.51  61665.5    -0.01    6.32E-09  1.47E-22
    R         19     1622.168  61645.88  61645.95    0.07    5.92E-09  1.38E-22
    R         20     1622.718  61624.99     --        --     5.67E-09  1.32E-22
    P         2      1618.097  61800.98 61800.71    -0.27    3.98E-09  9.21E-23
    P         3      1618.256  61794.94 61794.67    -0.27    5.60E-09  1.30E-22
    P         4      1618.443  61787.79  61787.76   -0.03    6.43E-09  1.49E-22
    P         5      1618.659  61779.54  61779.31   -0.23    6.87E-09  1.59E-22
    P         6      1618.904  61770.17 61769.97     -0.2    7.18E-09  1.67E-22
    P         7      1619.18   61759.67 61759.69     0.02    7.05E-09  1.64E-22
    P         8      1619.485  61748.03 61748.20     0.17    7.44E-09  1.73E-22
    P         9      1619.821  61735.24  61735.52    0.28    7.28E-09  1.69E-22
    P         10     1620.187  61721.28  61721.32    0.04    7.07E-09  1.64E-22
    P         11     1620.584  61706.16 61706.24     0.08    6.85E-09  1.59E-22
    P         12     1621.012  61689.85  61689.84   -0.01    6.88E-09  1.60E-22
    P         13     1621.472  61672.36  61672.49    0.13    6.66E-09  1.55E-22
    P         14     1621.964  61653.66  61653.66     0      6.40E-09  1.49E-22
    P         15     1622.487  61633.76  61633.72   -0.04    6.23E-09  1.45E-22
    P         16     1623.044  61612.64  61612.66    0.02    6.08E-09  1.42E-22
    P         17     1623.632  61590.31  61590.3      0      5.72E-09  1.33E-22
    P         18     1624.254  61566.74  61566.77    0.03    5.63E-09  1.31E-22
    P         19     1624.908  61541.95  61542.05    0.1     5.54E-09  1.29E-22
    P         20     1625.595  61515.92  61515.88     0      5.39E-09  1.26E-22
    Q         1      1617.896  61808.67  61808.7     0.03    1.99E-08  4.61E-22
    Q         2      1617.954  61806.47  61806.33   -0.14    1.96E-08  4.54E-22
    Q         3      1618.04   61803.17  61803.18    0.01    1.93E-08  4.47E-22
    Q         4      1618.155  61798.76  61798.77    0.01    1.89E-08  4.38E-22
    Q         5       1618.3   61793.24  61793.23     0      1.87E-08  4.33E-22
    Q         6      1618.475  61786.57 61786.72     0.15    1.76E-08  4.09E-22
    Q         7      1618.679  61778.78 61778.60    -0.18    1.81E-08  4.19E-22
    Q         8      1618.913  61769.82 61769.97     0.15    1.73E-08  4.01E-22
    Q         9      1619.179  61759.71 61759.69    -0.02    1.65E-08  3.83E-22
    Q         10     1619.475  61748.42 61748.20    -0.22    1.58E-08  3.66E-22
    Q         11     1619.802  61735.95  61735.87   -0.08    1.57E-08  3.64E-22
    Q         12     1620.16   61722.29  61722.26   -0.03    1.50E-08  3.49E-22
    Q         13     1620.551  61707.42  61707.41   -0.01    1.43E-08  3.32E-22
    Q         14     1620.973  61691.35  61691.4     0.05    1.38E-08  3.21E-22
    Q         15     1621.427  61674.06  61674.03   -0.03    1.34E-08  3.12E-22
    Q         16     1621.914  61655.55  61655.75    0.2     1.25E-08  2.92E-22
    Q         17     1622.433  61635.81  61635.75   -0.06    1.23E-08  2.86E-22
    Q         18     1622.986  61614.84  61614.85    0.01    1.20E-08  2.81E-22
    Q         19     1623.571  61592.63  61592.61   -0.02    1.17E-08  2.72E-22
    Q         20     1624.189  61569.17  61569.11   -0.06    1.10E-08  2.56E-22
    R         1      1618.736  61776.61     --        --     2.05E-10  4.75E-24
    R         2      1618.735  61776.62     --        --     3.48E-10  8.06E-24
    R         3      1618.769  61775.35  61775.39    0.04    5.38E-10  1.25E-23
    R         4      1618.835  61772.81  61772.96    0.15    7.36E-10  1.71E-23
    R         5      1618.935  61768.99 61768.50    -0.79    8.85E-10  2.05E-23
    R         6      1619.069  61763.89  61763.91    0.03    1.17E-09  2.70E-23
    R         7      1619.236  61757.51 61757.39    -0.12    1.43E-09  3.32E-23
    R         8      1619.437  61749.86 61749.92     0.06    1.64E-09  3.80E-23
    R         9      1619.671  61740.93 61740.91    -0.02    1.73E-09  4.01E-23
    R         10     1619.939  61730.72 61730.67    -0.05    2.05E-09  4.76E-23
    R         11     1620.24   61719.24 61719.14     -0.1    2.18E-09  5.07E-23
    R         12     1620.575  61706.48 61706.25    -0.23    2.26E-09  5.25E-23
    R         13     1620.944  61692.45 61692.21    -0.24    2.42E-09  5.62E-23
    R         14     1621.346  61677.14 61676.96    -0.18    2.57E-09  5.97E-23
    R         15     1621.783  61660.55 61660.36    -0.19    2.64E-09  6.14E-23
    R         16     1622.253  61642.68 61642.40    -0.28    2.78E-09  6.47E-23
    R         17     1622.757  61623.53 61623.27    -0.26    2.84E-09  6.61E-23
    R         18     1623.295  61603.11     --        --     2.94E-09  6.86E-23
    R         19     1623.867  61581.41     --        --     3.04E-09  7.11E-23
    R         20     1624.473  61558.43     --        --     2.91E-09  6.79E-23
    Q         2      1618.937  61768.92 61768.50    -0.42    2.05E-10  4.75E-24
    Q         3      1619.038  61765.09  61765.38    0.29    4.34E-10  1.01E-23
    Q         4      1619.172  61759.97 61759.69    -0.28    7.53E-10  1.75E-23
    Q         5      1619.339  61753.59  61753.58   -0.01    1.10E-09  2.56E-23
    Q         6      1619.54   61745.92  61745.86   -0.06    1.39E-09  3.22E-23
    Q         7      1619.775  61736.98  61736.89   -0.09    1.89E-09  4.39E-23
    Q         8      1620.043  61726.76  61726.74   -0.02    2.38E-09  5.53E-23
    Q         9      1620.345  61715.27  61715.22   -0.05    2.78E-09  6.45E-23
    Q         10     1620.68   61702.5   61702.46   -0.04    2.98E-09  6.93E-23
    Q         11     1621.049  61688.46  61688.43   -0.03    3.58E-09  8.33E-23
    Q         12     1621.451  61673.14   61673     -0.14    3.86E-09  8.98E-23
    Q         13     1621.888  61656.55  61656.45    -0.1    4.03E-09  9.38E-23
    Q         14     1622.358  61638.68  61638.57   -0.11    4.34E-09  1.01E-22
    Q         15     1622.862  61619.54  61619.46   -0.08    4.64E-09  1.08E-22
    Q         16      1623.4   61599.13  61599.04   -0.09    4.80E-09  1.12E-22
    Q         17     1623.972  61577.43  61577.45    0.02    5.08E-09  1.19E-22
    Q         18     1624.577  61554.47  61554.53    0.06    5.21E-09  1.22E-22
    Q         19     1625.218  61530.22  61530.11   -0.11    5.43E-09  1.27E-22
    Q         20     1625.892  61504.7   61504.47   -0.23    5.64E-09  1.32E-22
    R         2      1619.743  61738.18     --        --     4.15E-13  9.64E-27
    R         3      1619.794  61736.24     --        --     9.07E-12  2.11E-25
    R         4      1619.882  61732.88     --        --     9.18E-12  2.13E-25
    R         5      1620.008  61728.1      --        --     2.36E-11  5.47E-25
    R         6      1620.17   61721.91     --        --     4.20E-11  9.75E-25
    R         7      1620.369  61714.32     --        --     4.86E-11  1.13E-24
    R         8      1620.605  61705.34     --        --     6.45E-11  1.50E-24
    R         9      1620.877  61694.98     --        --     9.57E-11  2.23E-24
    R         10     1621.186  61683.25     --        --     1.21E-10  2.81E-24
    R         11     1621.53   61670.16     --        --     1.39E-10  3.23E-24
    R         12     1621.91   61655.72     --        --     1.68E-10  3.91E-24
    R         13     1622.325  61639.93     --        --     2.01E-10  4.67E-24
    R         14     1622.776  61622.8      --        --     2.27E-10  5.30E-24
    R         15     1623.262  61604.34     --        --     2.51E-10  5.85E-24
    R         16     1623.784  61584.55     --        --     2.34E-10  5.46E-24
    R         17     1624.341  61563.44     --        --     2.90E-10  6.77E-24
    R         18     1624.933  61541.01     --        --     3.03E-10  7.07E-24
    R         19     1625.56   61517.27     --        --     4.07E-10  9.51E-24
    R         20     1626.222  61492.21     --        --     3.89E-10  9.10E-24
    P         4      1620.45   61711.26     --        --     1.73E-13  4.02E-27
    P         5      1620.702  61701.64     --        --     4.61E-12  1.07E-25
    P         6      1620.993  61690.6      --        --     5.29E-12  1.23E-25
    P         7      1621.32   61678.13     --        --     1.48E-11  3.44E-25
    P         8      1621.685  61664.25     --        --     2.80E-11  6.53E-25
    P         9      1622.087  61648.98     --        --     3.40E-11  7.92E-25
    P         10     1622.525  61632.33     --        --     4.69E-11  1.09E-24
    P         11       1623    61614.29     --        --     7.17E-11  1.67E-24
    P         12     1623.511  61594.89     --        --     9.26E-11  2.16E-24
    P         13     1624.059  61574.13     --        --     1.09E-10  2.54E-24
    P         14     1624.642  61552.02     --        --     1.34E-10  3.13E-24
    P         15     1625.261  61528.57     --        --     1.62E-10  3.80E-24
    P         16     1625.916  61503.79     --        --     1.87E-10  4.36E-24
    P         17     1626.607  61477.67     --        --     2.08E-10  4.87E-24
    P         18     1627.333  61450.24     --        --     1.96E-10  4.60E-24
    P         19     1628.095  61421.48     --        --     2.45E-10  5.75E-24
    P         20     1628.892  61391.42     --        --     2.58E-10  6.06E-24
    Q         3      1620.046  61726.64     --        --     5.19E-13  1.21E-26
    Q         4      1620.198  61720.86     --        --     1.27E-11  2.95E-25
    Q         5      1620.387  61713.66     --        --     1.38E-11  3.20E-25
    Q         6      1620.613  61705.04     --        --     3.70E-11  8.60E-25
    Q         7      1620.877   61695       --        --     6.82E-11  1.58E-24
    Q         8      1621.177  61683.57     --        --     8.08E-11  1.88E-24
    Q         9      1621.514  61670.75     --        --     1.10E-10  2.55E-24
    Q         10     1621.888  61656.55     --        --     1.65E-10  3.84E-24
    Q         11     1622.297  61640.99     --        --     2.11E-10  4.91E-24
    Q         12     1622.743  61624.06     --        --     2.45E-10  5.72E-24
    Q         13     1623.224  61605.79     --        --     3.00E-10  6.99E-24
    Q         14     1623.741  61586.17     --        --     3.60E-10  8.41E-24
    Q         15     1624.294  61565.21     --        --     4.11E-10  9.60E-24
    Q         16     1624.882  61542.92     --        --     4.56E-10  1.07E-23
    Q         17     1625.506  61519.31     --        --     4.28E-10  1.00E-23
    Q         18     1626.165  61494.37     --        --     5.33E-10  1.25E-23
    Q         19     1626.86   61468.12     --        --     5.58E-10  1.31E-23
    Q         20     1627.589  61440.56     --        --     7.54E-10  1.77E-23