    1     0.000000000	    1.0	    0
    2     3.845033413	    3.0	    1
    3    11.534919938	    5.0	    2
    4    23.069512649	    7.0	    3
    5    38.448164669	    9.0     4
    6    57.670329083	   11.0     5
    7    80.735459105	   13.0	    6
    8   107.642407981	   15.0	    7
    9   138.390328288	   17.0	    8
   10   172.978074417	   19.0	    9
   11   211.404098498	   21.0	   10
   12   253.667154063	   23.0	   11
   13   299.765594677	   25.0	   12
   14   349.697573572	   27.0	   13
   15   403.461144648	   29.0	   14
   16   461.054460258	   31.0	   15
   17   522.475174766	   33.0	   16
   18   587.720842073	   35.0	   17
   19   656.789215021	   37.0	   18
   20   729.677447242	   39.0	   19
   21   806.382793369	   41.0	   20
   22   886.902407768	   43.0	   21
   23   971.233142570	   45.0	   22
   24  1059.371853104	   47.0	   23
   25  1151.314993047	   49.0	   24
   26  1247.059216721	   51.0	   25
   27  1346.600778694	   53.0	   26
   28  1449.935933301	   55.0	   27
   29  1557.060734626	   57.0	   28
   30  1667.970937865	   59.0	   29
   31  1782.662398043	   61.0	   30
   32  1901.130769241	   63.0	   31
   33  2023.371506269	   65.0	   32
   34  2149.379864360	   67.0	   33
   35  2279.151100482	   69.0	   34
   36  2412.680169220	   71.0	   35
   37  2549.961925315	   73.0	   36
   38  2690.991324173	   75.0	   37
   39  2835.762724236	   77.0	   38